15
88
1A
09
24
61
89
95
06
59
00
04
92
A0
59
16
48
99
55
66
69
26
24
A9
66
56
A8
22
29
0A
A1
25
89
86
16
A2
49
96
28
96
50
48
4A
4A
29
A6
54
6A
24
61
19
61
29
A8
A5
9A
44
04
85
89
28
28
56
81
16
55
59
A6
41
92
26
A9
49
65
20
99
19
88
24
92
10
41
64
96
61
88
85
59
80
58
94
80
21
42
85
59
62
26
55
18
04
95
52
42
12
A5
52
99
A1
61
11
15
A8
58
59
2A
66
88
68
92
A5
29
81
91
85
62
A6
66
0A
96
45
AA
8A
59
4A
A5
56
89
9A
45
49
55
95
40
A2
14
49
04
98
9A
45
21
96
69
05
41
52
A5
A9
92
49
84
29
A6
6A
61
91
88
46
54
98
95
62
98
86
62
26
49
4A
19
59
66
A9
A4
06
4A
21
59
91
A8
51
16
9A
24
25
5A
99
41
21
4A
86
51
10
46
19
68
A0
94
A1
05
06
51
40
29
66
A9
8A
66
55
45
94
19
06
85
A0
5A
42
A1
92
A1
0A
AA
92
46
A8
2A
66
52
04
69
81
96
19
25
85
68
A8
A9
22
65
85
AA
69
4A
62
99
9A
5A
44
81
59
59
64
20
56
16
95
A1
55
84
99
A0
61
19
4A
98
54
48
69
65
A9
55
45
90
1A
9A
26
58
00
46
A4
81
A9
49
68
96
59
24
66
45
46
20
65
99
A2
0A
62
92
45
42
21
56
10
96
59
9A
A9
41
56
24
64
A9
56
94
49
9A
61
16
69
66
56
02
05
86
44
AA
9A
44
95
19
95
A6
81
A2
09
A0
85
04
15
50
90
A2
29
89
85
54
22
2A
92
84
A2
26
21
61
48
4A
98
48
94
94
1A
21
62
19
A5
AA
8A
86
A8
60
95
81
41
52
61
54
51
01
18
46
66
AA
98
A5
A6
68
A1
54
65
85
8A
4A
2A
A6
8A
80
9A
91
55
05
21
51
21
96
A9
98
9A
05
52
55
84
49
16
29
56
45
02
12
94
2A
A9
64
12
92
02
04
15
56
85
94
09
69
14
95
91
96
11
1A
12
25
9A
65
92
00
2A
2A
A1
A6
41
68
5A
05
59
58
56
85
90
10
45
54
14
45
12
90
52
26
15
1A
09
54
22
66
26
AA
AA
0A
A9
A6
6A
16
16
01
55
48
18
26
66
A2
98
4A
90
AA
58
1A
88
10
88
60
A9
42
98
25
90
A9
91
8A
5A
08
44
95
5A
2A
AA
89
2A
55
49
66
62
55
49
20
89
A6
46
82
65
A2
A0
11
19
55
69
82
A6
A9
54
91
86
4A
51
45
A5
A2
9A
8A
A4
01
96
86
88
81
24
2A
49
04
85
A4
41
95
95
19
89
45
4A
15
4A
A9
42
2A
06
61
66
19
55
59
54
A1
19
9A
58
2A
95
51
90
19
2A
04
11
82
59
46
09
25
06
09
A9
96
06
86
9A
24
49
55
08
60
64
19
19
08
2A
8A
95
99
66
A8
29
85
96
10
A9
A9
96
68
A4
46
4A
6A
AA
96
52
95
55
A2
24
81
A9
59
11
85
29
1A
56
0A
59
84
54
90
66
44
A5
00
2A
80
52
A5
06
50
55
56
1A
46
18
60
26
56
A1
98
81
50
08
41
22
AA
11
09
55
88
A5
98
19
11
15
A6
A9
A9
54
09
50
06
89
AA
14
56
42
96
15
2A
A6
61
15
49
85
65
92
06
91
59
48
A4
24
59
11
9A
05
A4
51
0A
86
A4
61
51
58
6A
55
96
A9
81
A5
A6
16
24
A4
98
2A
62
86
6A
20
11
58
48
45
08
86
60
58
A6
89
80
12
16
5A
12
56
28
06
45
65
85
05
51
66
A5
51
16
54
15
99
18
08
4A
96
44
42
62
8A
51
22
58
44
50
49
82
82
09
19
80
A6
58
01
15
86
05
29
8A
25
68
81
82
56
42
91
59
A8
45
10
22
49
81
14
65
85
2A
41
A4
96
65
16
AA
A0
98
19
A6
5A
A8
94
45
A5
69
89
12
98
91
18
A2
0A
54
94
65
55
84
98
A9
A9
86
48
24
4A
89
16
46
16
86
09
25
10
66
A6
54
11
0A
24
61
22
A1
62
01
19
18
24
A8
15
01
16
4A
14
56
69
90
58
26
66
64
84
1A
45
56
68
5A
15
AA
89
41
15
58
A2
A1
44
92
41
89
A1
62
A2
51
69
58
10
60
08
91
60
06
01
66
55
16
66
94
92
99
A6
15
56
A0
69
85
96
60
9A
96
02
86
A9
16
9A
AA
46
16
14
1A
66
A6
AA
18
96
A9
99
94
6A
88
02
59
46
85
8A
16
4A
84
51
A5
29
48
8A
24
20
8A
84
28
A8
54
66
41
59
62
A0
22
11
96
2A
A5
46
6A
68
54
44
1A
15
14
52
59
64
58
52
69
A4
84
14
45
15
69
50
4A
19
81
58
5A
51
42
2A
65
60
90
16
66
65
62
56
40
00
9A
69
02
28
58
56
18
15
AA
65
A5
44
11
40
A5
99
62
49
90
82
92
55
9A
21
09
01
54
A4
89
6A
92
28
25
A6
96
80
68
45
A9
8A
29
42
89
12
A9
42
52
66
81
59
80
15
85
89
92
49
15
08
84
8A
51
A2
64
48
A8
AA
66
06
11
20
25
A6
86
86
A0
16
A6
16
45
94
82
49
49
51
42
84
40
81
86
85
65
26
86
02
16
A9
8A
59
54
A5
12
91
60
25
28
55
28
4A
11
92
20
49
A6
10
16
09
94
20
5A
46
55
A0
65
18
86
94
62
51
21
65
AA
66
25
98
45
55
19
0A
25
60
A1
19
41
69
0A
01
A5
A6
4A
0A
54
A1
2A
52
10
02
42
8A
96
69
54
8A
56
4A
28
09
09
A4
6A
89
58
66
8A
48
42
40
50
54
15
69
58
5A
88
96
4A
15
25
A9
09
22
65
A9
0A
1A
26
AA
A9
80
96
09
85
51
56
52
A6
A2
46
48
0A
82
89
58
A9
08
25
96
11
61
29
45
88
9A
11
A2
85
41
22
45
58
89
50
05
AA
84
49
12
18
00
59
5A
98
44
65
81
4A
46
28
15
A8
66
84
50
62
28
2A
65
46
29
82
0A
14
82
86
59
A2
6A
69
69
16
A2
04
95
9A
55
29
59
9A
69
92
68
12
15
95
0A
61
86
9A
68
66
29
19
86
49
A4
99
89
92
80
89
52
92
99
A2
54
81
45
05
16
05
6A
A9
29
96
A2
26
26
68
98
62
15
51
99
06
1A
64
41
55
50
A1
58
A9
A8
1A
19
92
A8
55
80
5A
AA
24
65
81
00
08
A0
55
59
51
A4
96
14
8A
40
62
21
12
5A
22
29
26
A9
1A
69
50
89
58
6A
22
26
01
19
91
49
12
65
52
64
45
15
AA
01
02
46
A2
66
66
A1
15
61
18
44
26
21
88
04
69
44
50
20
16
21
0A
88
99
69
A9
A5
49
22
40
65
AA
44
84
54
A0
A6
94
64
6A
86
66
91
40
0A
60
84
96
14
89
65
11
90
05
6A
A5
16
A5
26
99
26
14
48
61
A9
58
24
0A
26
94
89
29
A9
99
5A
0A
01
A8
25
28
19
55
8A
15
A4
A4
24
0A
80
16
49
85
19
26
15
28
40
01
02
55
08
95
66
40
66
20
6A
05
82
52
95
A2
14
99
14
A9
49
A8
28
85
65
25
88
80
55
50
62
54
21
59
24
02
AA
89
5A
1A
16
46
A0
62
64
14
86
4A
26
19
6A
18
66
16
25
61
92
1A
84
62
A9
1A
4A
96
61
61
26
49
51
19
95
5A
4A
62
80
90
20
6A
4A
40
52
59
15
26
54
68
5A
94
05
55
28
24
2A
A2
48
91
A4
98
A2
49
26
26
14
99
28
20
02
08
20
05
8A
26
89
45
91
A4
66
55
42
55
55
AA
14
66
A9
95
49
A9
A8
06
44
16
8A
12
A8
52
16
A2
8A
61
66
81
11
65
06
5A
61
A5
04
19
16
4A
A8
55
89
99
46
92
10
9A
61
A6
98
4A
A1
55
84
22
2A
95
50
68
A1
84
56
46
5A
56
68
58
4A
86
A8
21
95
54
54
1A
10
A2
91
22
A8
0A
5A
A9
19
A2
92
29
A4
46
51
50
10
26
99
89
49
A1
A1
45
45
24
65
46
5A
55
26
56
69
98
AA
95
A1
9A
59
80
94
58
40
62
AA
52
84
88
A1
15
AA
92
61
56
89
48
26
9A
A4
68
62
4A
A5
42
40
A2
AA
55
95
24
2A
18
82
24
61
80
56
16
00
59
89
19
59
AA
24
54
A4
24
50
5A
90
62
A2
14
AA
16
1A
59
04
21
69
26
AA
85
68
A8
A4
68
29
0A
40
68
80
A6
54
51
88
20
41
6A
82
11
82
41
49
A5
94
16
95
42
52
28
55
45
99
20
11
56
94
55
69
42
12
82
99
66
01
68
88
64
A6
02
A4
A5
01
92
91
12
A6
91
28
62
11
19
59
96
61
8A
29
6A
A4
52
42
55
A8
18
24
50
05
9A
2A
24
9A
24
65
06
45
21
6A
18
85
5A
A2
84
15
68
61
15
80
24
26
85
58
8A
91
45
60
15
A2
86
80
A5
50
96
AA
69
01
A6
44
95
09
A5
42
A6
41
50
A4
61
28
51
25
99
8A
A0
11
8A
08
92
11
8A
60
54
62
2A
0A
10
98
A9
88
42
A9
28
50
28
58
A1
99
8A
11
58
92
48
A0
55
22
08
82
91
85
12
46
2A
56
51
61
85
69
18
04
29
89
66
A1
52
15
61
6A
05
56
28
05
1A
A4
06
54
58
A2
64
44
25
12
6A
A9
41
51
46
A5
50
49
61
A8
4A
25
6A
94
85
45
6A
28
48
26
06
90
51
92
21
A4
A8
A6
A9
61
6A
5A
85
80
55
86
56
64
12
85
90
A6
6A
92
A4
82
69
02
86
55
19
A6
A1
05
95
99
24
18
1A
82
25
81
86
AA
60
25
9A
14
65
95
66
A9
66
A6
A8
02
A4
19
81
96
61
84
95
A4
19
42
62
02
A6
20
54
19
60
90
A5
96
9A
9A
60
64
45
96
29
26
92
9A
89
52
28
62
A9
AA
18
A9
65
65
12
04
94
5A
5A
A8
95
16
AA
89
66
A9
95
A8
26
91
26
82
26
49
52
88
90
14
21
06
12
80
A6
6A
00
98
5A
90
45
25
02
44
19
91
85
A8
A9
29
45
0A
66
8A
64
92
80
92
88
A0
81
45
89
4A
84
91
A0
68
A5
58
26
A6
98
6A
61
11
04
00
91
A6
96
89
55
91
94
62
65
29
41
A6
A5
25
A9
42
91
12
00
A2
56
8A
42
51
45
A1
2A
A8
02
A4
88
95
66
64
91
65
41
6A
92
69
52
58
51
80
58
5A
54
82
66
58
62
52
24
00
02
28
55
A9
A6
A0
82
41
92
A1
98
59
94
18
10
4A
69
99
A8
44
A4
26
51
4A
60
AA
8A
26
A1
15
6A
5A
18
96
4A
6A
91
19
5A
56
64
09
88
A2
21
50
84
2A
46
A2
84
8A
A2
0A
86
A1
56
45
99
90
A8
69
56
66
54

