96
A5
82
62
56
52
16
16
19
68
AA
12
81
25
21
06
58
26
56
66
55
86
A9
55
66
5A
96
5A
9A
A4
19
4A
95
14
A8
02
A9
28
86
62
A2
02
21
62
95
55
60
0A
25
A4
56
9A
46
6A
14
05
61
55
9A
64
A6
15
46
A8
20
4A
19
54
54
06
9A
02
AA
21
98
16
A2
58
A0
05
14
59
56
86
98
16
5A
A8
51
94
09
55
64
65
9A
58
A9
69
65
54
66
04
86
A5
51
62
65
14
08
1A
45
56
A6
42
52
18
56
15
10
A8
4A
8A
2A
55
11
A8
2A
20
24
A5
91
21
96
15
16
A1
40
6A
A2
58
51
42
99
62
1A
25
45
64
A5
91
5A
80
58
9A
14
9A
59
98
55
A8
A5
15
06
59
A5
92
46
11
0A
95
59
69
62
41
59
8A
69
A6
51
A5
41
45
55
8A
88
86
62
A5
51
81
54
91
5A
05
22
A4
56
82
90
6A
85
90
9A
28
69
25
51
01
92
25
8A
29
5A
86
96
51
A6
6A
A6
96
61
A6
54
6A
50
86
22
A2
22
19
85
86
51
40
16
55
12
09
AA
95
42
8A
9A
A8
5A
0A
60
A5
A0
95
91
95
29
69
66
A8
45
A8
69
89
59
9A
55
2A
0A
92
A1
4A
04
6A
AA
15
59
95
86
90
81
15
91
59
A6
45
90
4A
6A
19
8A
A0
65
A9
96
62
AA
2A
66
58
49
12
A6
2A
AA
91
65
18
65
26
02
96
95
6A
A5
A0
A8
AA
4A
21
81
48
89
98
28
68
40
50
59
99
50
44
85
56
44
A8
A8
A5
49
A1
6A
51
5A
85
4A
A8
A8
66
16
40
86
85
26
55
AA
55
6A
A2
54
44
99
54
56
05
64
50
24
29
29
60
15
A8
95
02
85
62
26
95
1A
82
68
96
18
12
A8
66
96
AA
51
51
15
46
68
5A
89
45
21
96
28
49
95
99
21
95
18
A5
11
8A
98
99
61
86
48
26
AA
95
25
84
9A
22
49
A0
14
AA
65
68
66
15
54
44
62
80
92
9A
1A
95
A1
91
6A
15
26
AA
65
55
A2
A8
09
A1
44
42
25
55
59
59
56
A9
98
A9
1A
50
8A
26
96
52
46
92
15
56
A1
A0
81
9A
99
44
5A
91
82
26
60
4A
A1
52
56
65
A0
0A
14
A0
25
66
25
8A
99
96
42
66
5A
96
19
95
5A
26
88
86
4A
A2
51
88
69
82
09
42
06
5A
15
A2
48
66
45
82
14
95
60
65
91
99
52
16
41
94
66
68
80
A5
62
68
05
85
15
49
AA
99
28
92
02
89
9A
A5
19
94
61
59
44
1A
69
20
25
49
89
A6
25
29
A4
98
AA
10
14
A5
59
5A
59
50
9A
A0
65
61
95
81
05
88
16
91
08
95
92
9A
19
90
85
90
0A
2A
01
A8
11
86
A1
A8
89
61
46
91
84
8A
A5
A5
68
02
91
99
05
20
62
82
44
60
92
A9
59
5A
A6
5A
59
52
95
66
A1
65
10
9A
42
09
98
14
48
89
A5
96
82
62
6A
68
A9
66
90
9A
21
0A
25
0A
44
A9
40
61
1A
69
66
A1
06
41
5A
40
AA
59
11
64
69
A8
64
92
95
62
69
54
A0
68
94
A5
45
82
50
9A
A5
55
85
52
44
21
6A
A5
50
02
45
95
55
89
66
22
AA
26
22
09
55
A9
89
65
A1
A1
A5
65
00
09
A5
52
65
A0
64
A9
28
49
01
26
8A
5A
85
0A
2A
65
16
14
1A
99
98
99
68
21
9A
95
6A
64
65
66
0A
61
29
96
01
55
6A
1A
A4
88
24
10
05
69
60
19
06
59
95
46
55
5A
89
59
A6
84
94
19
95
A5
50
69
56
91
65
12
45
41
55
A9
56
95
A8
65
A1
14
00
45
96
54
99
96
44
A9
45
86
59
18
96
20
AA
65
68
91
62
95
A8
8A
8A
50
29
56
24
59
25
65
99
0A
A6
8A
56
98
94
A5
11
05
AA
A0
99
29
95
A6
A4
59
86
16
09
29
69
52
16
61
40
6A
65
89
08
56
15
A1
91
51
95
A2
42
AA
6A
18
A2
64
26
96
61
25
86
40
66
1A
61
54
16
A8
96
A5
96
66
68
89
95
54
84
4A
94
94
96
05
A4
91
2A
59
0A
A6
12
42
95
A2
6A
45
58
49
9A
A1
4A
44
95
8A
5A
29
64
64
A6
16
5A
09
2A
A0
51
95
95
5A
A6
94
59
85
69
94
55
54
51
25
99
62
29
41
A5
A1
51
65
98
A2
2A
52
89
69
42
0A
42
18
22
51
66
51
99
26
96
62
92
5A
46
A6
89
A5
09
6A
56
94
52
26
69
A6
6A
01
99
6A
21
46
42
A9
69
A1
61
98
42
94
05
45
09
96
19
55
A5
92
69
96
AA
29
A8
9A
41
A9
28
A2
55
AA
98
41
91
19
6A
49
59
28
5A
25
5A
9A
5A
59
26
A4
51
58
5A
55
69
84
A9
22
60
5A
10
60
52
84
2A
9A
65
00
29
A1
14
62
59
8A
08
9A
11
44
9A
44
28
16
60
51
58
24
9A
00
65
59
64
AA
90
25
AA
02
6A
56
62
5A
A4
5A
25
A2
1A
56
69
45
85
A5
82
45
15
99
11
99
86
65
AA
6A
48
16
86
95
66
56
92
24
99
69
48
66
64
68
65
2A
26
66
09
2A
95
62
91
55
84
0A
59
66
41
48
59
54
14
18
21
66
A9
44
96
56
19
04
61
A0
95
16
A9
5A
88
46
94
16
A0
61
41
A5
56
91
28
2A
84
06
59
0A
44
88
29
65
21
56
69
88
9A
16
10
18
86
45
65
89
91
4A
12
26
69
84
A0
25
88
68
96
55
80
A2
84
91
66
2A
91
12
62
A1
A8
68
8A
64
A5
68
51
66
61
00
40
61
60
84
46
04
A2
A9
41
4A
44
55
20
58
8A
6A
96
44
60
65
9A
52
98
A9
51
59
14
66
41
12
41
2A
A8
99
89
81
61
9A
2A
81
A8
A6
89
49
A6
16
A6
22
51
A0
9A
45
64
51
99
89
A4
84
11
88
15
2A
A1
A4
06
55
56
42
85
46
86
90
1A
55
81
2A
55
6A
92
40
24
12
25
84
00
82
52
55
86
82
94
2A
18
42
9A
6A
95
A0
14
41
A8
09
00
51
48
16
21
45
20
96
A5
A6
A1
88
A9
82
16
86
54
69
95
5A
45
65
89
29
92
02
95
8A
A2
6A
A8
22
59
41
96
59
50
11
85
44
52
18
02
16
A8
99
00
9A
59
14
58
94
24
68
19
09
88
90
A1
55
61
0A
6A
05
A6
54
92
65
09
68
26
A1
96
29
91
A5
45
06
24
56
84
16
89
98
55
61
A0
A9
60
14
15
66
86
14
52
A6
25
A9
86
91
84
16
4A
1A
64
84
44
6A
80
A6
2A
A2
A2
55
62
51
85
52
66
05
14
05
08
89
52
90
25
56
56
A6
10
95
48
25
A5
28
40
26
52
6A
09
04
4A
A8
45
54
15
88
91
25
46
A8
24
55
6A
A0
92
25
69
86
50
55
95
69
AA
89
A5
A8
56
56
12
18
45
60
90
2A
12
06
48
99
58
52
28
18
11
51
14
94
19
09
A5
A5
8A
5A
26
64
2A
51
46
02
95
51
59
80
89
5A
24
22
46
68
96
A0
61
10
64
A6
66
59
11
2A
86
11
66
01
9A
56
19
59
69
6A
69
20
26
11
18
A4
AA
0A
A9
09
6A
66
11
95
A9
45
69
85
22
05
A6
11
21
5A
12
19
29
10
A8
68
65
00
12
46
99
A2
22
55
94
50
65
09
A6
64
61
95
05
51
A5
85
64
58
2A
9A
A6
0A
56
80
A0
44
4A
49
98
12
88
95
05
8A
22
09
06
A9
11
95
26
51
55
96
56
59
2A
00
8A
46
5A
85
5A
90
84
1A
98
18
48
0A
A6
54
91
69
60
A5
42
5A
2A
54
A4
85
48
28
A2
41
98
A9
05
2A
92
14
A4
6A
29
82
48
02
86
A9
51
10
42
09
9A
52
46
64
99
98
94
16
51
8A
61
86
56
66
61
0A
52
19
54
59
66
94
09
A6
8A
58
50
49
6A
22
18
A8
96
66
05
14
AA
2A
69
A4
05
15
65
6A
A6
22
11
68
86
29
41
22
A4
18
98
A2
19
2A
05
84
58
62
05
9A
46
50
1A
AA
64
29
51
90
41
69
65
49
8A
A0
16
2A
A0
99
80
8A
A4
61
66
00
5A
90
90
06
66
49
A6
90
51
19
92
92
91
02
9A
64
91
06
5A
A5
18
24
29
54
95
66
11
98
84
09
64
05
62
55
28
98
59
56
02
58
01
26
88
96
A4
92
A2
59
05
A8
88
26
55
11
84
42
01
10
41
86
64
90
86
88
A6
2A
01
55
99
A2
21
A4
86
25
96
A6
05
A2
89
A4
05
41
69
12
5A
81
02
06
62
84
99
58
88
15
41
A5
05
2A
09
96
80
A5
59
51
68
41
42
12
12
99
11
A5
65
A5
09
88
86
9A
19
25
A8
01
40
A8
A4
26
54
16
44
A2
51
A0
A4
68
22
52
42
29
08
A5
A0
9A
49
A6
81
A2
56
4A
12
11
06
5A
65
54
42
60
56
1A
62
90
6A
14
26
A5
5A
5A
61
52
64
99
15
56
8A
A6
45
92
22
52
24
A9
49
66
99
2A
05
06
20
A2
A1
62
58
61
16
5A
49
16
41
98
95
95
85
A4
92
86
41
55
40
16
99
19
06
04
46
68
A0
15
2A
91
5A
50
82
89
19
28
54
85
95
5A
91
92
A8
1A
84
02
91
5A
4A
0A
44
20
62
84
95
62
9A
52
05
9A
05
0A
42
91
AA
89
15
82
60
51
55
A5
44
85
A0
90
68
06
19
14
52
05
89
89
29
58
4A
51
96
96
64
11
00
68
54
28
82
95
A8
6A
18
58
44
69
19
80
A2
69
06
A9
15
15
19
09
29
66
66
81
65
A5
98
81
4A
44
18
88
9A
6A
12
56
82
91
9A
86
51
49
21
4A
15
26
95
88
26
86
2A
5A
66
18
A8
95
80
05
98
20
06
05
88
15
82
88
42
65
65
02
81
86
55
2A
96
58
6A
49
9A
19
5A
19
60
8A
21
A6
91
06
A5
09
98
69
82
1A
00
14
84
68
28
94
25
18
6A
60
A1
A8
82
54
59
01
85
60
80
28
44
99
55
51
69
69
22
50
5A
59
5A
12
18
85
91
61
62
04
65
16
12
69
42
86
25
0A
66
96
95
62
A2
59
6A
98
26
91
A5
54
80
22
49
29
90
18
11
19
68
64
2A
55
65
00
AA
9A
84
49
69
62
A0
28
10
14
05
24
99
10
15
09
88
50
16
51
62
2A
68
59
29
85
45
44
22
5A
6A
41
99
01
92
81
22
1A
15
AA
19
58
20
A5
40
12
15
58
61
AA
10
52
24
50
A6
85
66
19
51
5A
04
A8
88
90
A8
16
52
04
64
66
05
62
28
22
19
2A
49
42
91
60
60
5A
A8
18
16
15
95
04
99
A5
08
65
A5
A8
AA
82
99
9A
89
A5
49
16
86
45
4A
91
1A
96

