16
51
18
18
69
85
05
95
29
A1
21
16
A8
65
90
88
95
65
A5
15
25
46
94
02
A6
85
54
64
41
94
5A
29
52
08
0A
92
0A
08
A4
42
40
04
19
A0
55
86
A6
48
95
68
84
00
8A
49
44
90
A8
64
25
AA
16
28
96
25
16
06
5A
5A
49
59
52
40
99
A1
04
58
02
4A
06
88
28
15
46
15
4A
55
09
14
6A
06
A6
88
05
25
85
24
68
08
81
12
8A
69
12
58
8A
21
94
60
A8
66
94
18
1A
62
64
50
88
16
25
94
48
4A
58
86
54
1A
6A
59
95
61
86
82
6A
48
05
68
68
29
41
4A
A2
86
95
94
AA
46
55
04
96
8A
14
89
16
9A
24
86
15
A5
A6
85
A2
61
4A
65
15
AA
26
85
25
55
08
66
92
9A
16
A6
55
11
5A
4A
84
56
9A
0A
59
89
46
08
24
2A
A5
4A
15
0A
8A
02
48
05
91
A4
44
22
A5
48
89
11
A8
81
48
19
01
8A
4A
84
02
12
81
80
16
02
02
AA
11
86
94
52
26
18
2A
6A
06
44
05
90
00
60
04
22
90
44
A8
11
4A
15
14
95
65
50
80
02
25
A9
08
28
90
05
0A
58
46
2A
80
20
02
24
69
82
4A
98
08
40
62
62
80
5A
68
95
9A
0A
1A
62
12
55
48
20
10
49
54
51
68
41
A6
8A
55
90
51
21
A8
18
9A
46
60
69
85
69
85
96
06
4A
46
A6
65
A9
51
A6
4A
24
55
11
A9
50
42
58
AA
58
64
A5
85
05
5A
AA
99
95
95
24
22
28
2A
52
01
22
95
61
48
15
60
26
61
A6
A9
91
29
65
09
A6
58
90
51
09
45
09
A6
A4
4A
19
A2
20
55
86
2A
05
48
04
A9
0A
69
10
55
A1
AA
A6
52
25
61
0A
19
95
40
22
58
60
02
64
54
10
80
24
21
56
22
A6
8A
0A
12
64
25
92
1A
65
51
4A
11
A6
15
26
25
A2
49
49
59
95
69
A1
8A
49
84
5A
55
56
80
25
16
16
08
54
9A
20
66
64
16
2A
51
91
81
49
99
86
40
54
8A
48
25
95
91
59
A5
02
A2
62
15
A5
25
AA
12
44
45
60
A2
46
41
2A
10
22
61
80
94
21
64
64
A9
91
94
20
58
59
A5
A2
25
86
A5
A2
A0
46
00
59
52
4A
99
68
96
2A
9A
A2
56
6A
16
85
06
45
92
05
A4
40
62
A6
26
29
61
59
99
A4
96
A0
56
11
92
95
26
25
50
28
95
14
19
55
54
92
68
01
69
01
14
A0
62
95
2A
56
1A
51
85
A2
08
86
66
66
25
A0
91
A5
28
82
82
96
94
29
00
62
A1
84
9A
96
96
99
A5
61
8A
90
60
11
99
24
02
06
19
20
00
61
41
51
09
92
80
19
40
11
90
48
02
20
28
10
5A
01
98
00
00
48
41
14
06
49
00
21
41
51
40
54
62
45
50
58
62
16
66
06
58
00
01
86
20
65
12
84
22
A0
62
82
06
25
15
02
00
01
60
19
20
20
89
41
51
98
54
9A
49
90
58
41
A2
A9
18
46
21
80
21
01
A4
66
04
10
02
09
02
00
05
88
99
86
2A
84
2A
01
59
A1
0A
A2
18
80
96
AA
02
62
15
99
55
55
9A
21
59
A6
06
5A
26
12
20
64
99
45
01
59
02
22
62
68
94
4A
51
49
AA
52
02
26
19
82
A2
01
59
22
85
28
98
61
16
1A
45
54
15
12
6A
A6
05
A9
58
86
50
19
25
19
58
24
49
42
08
26
55
84
89
26
29
21
25
59
A2
55
45
9A
21
4A
04
69
56
69
04
AA
41
52
50
50
28
86
25
58
82
15
1A
26
98
28
50
41
15
10
19
52
06
68
95
58
65
12
AA
0A
05
2A
96
14
A6
AA
51
96
52
66
0A
59
61
1A
50
52
89
06
86
A2
A5
88
42
81
22
26
49
A9
15
68
A6
45
92
91
1A
81
A8
4A
60
85
12
A2
28
42
81
48
62
A6
41
99
55
61
51
69
A4
18
86
A9
A5
09
18
18
49
21
4A
A6
26
16
A0
59
98
4A
64
02
08
69
91
65
15
80
96
A1
19
09
85
61
61
64
19
1A
46
AA
59
90
4A
AA
69
A8
29
24
45
59
91
61
45
56
6A
26
16
56
51
98
A6
84
69
66
94
84
A2
51
94
92
66
96
05
22
84
9A
AA
18
60
90
96
AA
96
96
12
58
1A
88
69
A9
61
A5
51
58
26
48
61
51
A6
26
99
61
A9
54
69
16
29
A6
A9
86
54
06
62
29
99
54
28
90
A0
A0
6A
60
40
08
A6
42
52
81
00
48
92
02
85
0A
02
12
02
8A
92
92
69
26
21
04
12
86
29
20
99
10
65
14
40
A4
A2
61
89
89
86
81
A9
60
08
42
44
14
84
05
51
44
88
2A
00
2A
20
04
88
10
81
88
4A
82
A2
88
11
01
50
98
00
12
22
69
20
00
96
90
84
01
55
A8
81
06
16
12
86
49
18
96
58
12
29
9A
64
A9
09
A0
69
86
2A
8A
59
65
40
64
1A
44
59
96
85
91
80
61
99
88
09
22
68
2A
16
06
49
69
94
19
14
29
84
65
42
29
24
04
90
89
48
84
50
A0
89
96
89
A8
0A
48
06
A8
49
10
AA
14
A2
62
08
18
65
91
85
86
55
A5
AA
59
A8
05
56
55
6A
65
96
26
6A
05
05
26
56
69
05
19
15
06
82
20
06
08
59
88
68
09
49
01
51
04
08
94
05
66
62
24
28
89
58
86
1A
19
09
19
04
05
22
90
5A
20
0A
14
2A
A8
52
56
52
46
62
89
55
1A
16
A9
92
04
A8
46
A0
49
4A
29
80
04
01
6A
08
A9
55
96
92
51
21
00
02
82
91
A6
80
84
65
A5
A8
A1
10
50
09
A2
62
4A
15
28
24
89
42
98
A8
9A
A2
65
A2
69
01
19
22
6A
86
46
A9
28
56
A0
2A
01
62
98
A5
6A
91
66
26
95
90
58
5A
52
24
80
58
95
69
65
09
18
06
45
90
05
98
41
0A
21
29
58
61
45
09
86
69
AA
90
69
68
A4
92
52
06
81
62
65
48
45
A6
81
1A
56
0A
A4
20
16
98
46
65
94
08
95
A8
18
82
61
14
04
9A
09
22
55
A6
18
8A
15
06
66
00
41
45
A6
06
91
98
29
81
A0
44
19
80
04
09
81
A6
02
58
55
26
A4
04
68
90
8A
92
66
84
06
1A
89
50
22
02
16
01
46
0A
22
48
51
80
09
A2
10
90
01
99
20
25
82
00
51
08
22
09
A1
20
54
85
95
06
86
10
80
50
44
86
00
84
80
95
89
01
59
49
29
11
20
26
98
01
88
20
A2
45
46
41
69
02
08
60
49
05
12
09
29
46
00
11
60
94
49
55
9A
96
19
49
A6
62
81
A0
50
48
86
21
A5
1A
50
51
52
4A
96
62
A6
41
25
95
29
A6
06
18
A6
24
28
51
14
A5
AA
AA
65
10
05
66
85
15
64
85
12
89
86
06
1A
24
46
88
4A
46
16
84
50
A5
A9
51
08
60
92
25
AA
81
46
52
51
95
99
06
A9
5A
60
92
65
62
A9
54
65
02
A8
26
A8
11
04
0A
64
24
68
21
A9
98
48
21
92
29
12
14
56
50
90
98
54
65
12
46
AA
5A
55
15
90
96
11
42
94
14
AA
25
96
21
10
02
65
86
52
A9
A1
A8
61
20
28
82
A8
61
42
81
59
AA
A6
56
29
16
69
54
01
68
98
41
9A
89
41
9A
54
A5
51
51
56
56
09
01
59
A2
A8
10
65
A4
58
56
16
56
85
2A
6A
20
92
56
56
A9
96
69
96
6A
1A
56
29
52
52
54
56
18
AA
65
61
A0
96
AA
16
40
56
99
56
65
2A
52
9A
89
4A
16
96
69
45
60
AA
0A
52
91
25
52
51
94
90
9A
55
5A
22
69
A4
94
41
96
45
51
2A
20
2A
55
94
68
AA
16
55
2A
46
25
65
29
28
90
AA
A6
95
02
A1
62
96
61
41
69
16
61
58
54
84
49
1A
15
25
5A
96
1A
6A
69
A8
5A
50
21
69
45
18
56
A9
8A
AA
56
A5
50
28
A8
14
21
94
50
04
64
01
A4
56
21
89
96
02
2A
59
82
44
40
A5
10
01
52
8A
18
28
A8
1A
12
68
A6
28
90
09
20
60
10
54
52
81
01
42
85
14
50
85
20
46
41
56
52
98
42
00
16
55
06
86
60
18
04
24
A1
09
1A
80
52
A4
89
22
64
11
41
0A
28
48
92
21
91
19
88
56
A9
40
54
61
40
98
A6
20
66
22
56
10
42
9A
61
80
64
A5
AA
91
22
A5
91
8A
46
18
92
52
05
96
29
22
6A
A1
86
22
44
96
1A
2A
54
49
A5
A1
21
29
28
A1
56
65
56
42
A5
88
21
55
90
9A
96
A2
A9
9A
14
69
24
90
20
25
62
89
99
66
22
96
40
54
99
95
69
80
16
52
64
A5
41
16
A1
25
56
A6
61
86
28
9A
A9
56
A5
29
29
25
52
82
A8
56
A8
52
55
A8
62
12
89
86
55
8A
26
44
02
94
15
04
02
08
96
16
05
A5
45
48
06
45
85
19
A5
26
69
24
91
92
9A
86
0A
89
89
94
15
29
02
A5
15
2A
98
98
49
02
96
18
92
21
84
A4
85
05
A4
85
96
16
98
1A
56
48
84
55
2A
66
94
96
98
64
92
52
81
42
66
4A
4A
14
52
6A
21
A1
5A
42
95
06
88
60
58
A6
24
82
92
19
A2
82
06
01
48
A1
49
A6
49
54
21
16
45
44
15
A1
98
44
09
5A
92
26
9A
A6
86
96
61
91
26
91
A6
11
85
55
25
86
56
28
5A
A1
A6
86
65
92
49
98
28
69
85
46
29
89
60
12
29
59
65
56
5A
56
94
89
98
A6
AA
15
45
96
2A
A2
96
11
85
9A
42
19
28
55
A6
A9
A5
A4
12
4A
54
A1
06
04
01
59
99
52
56
98
98
19
6A
21
16
51
88
50
60
24
2A
A1
A0
21
0A
A8
28
08
05
09
99
58
12
21
14
24
95
55
6A
05
8A
04
80
06
00
89
A9
98
2A
19
89
89
24
16
80
1A
02
12
61
16
80
60
09
24
50
2A
82
82
00
86
06
06
00
20
11
55
A4
21
22
80
01
59
20
25
59
AA
59
81
08
A9
01
10
24
15
00
19
A2
42
12
21
00
89
90
18
9A
60
80
91
96
81
A1
46
60
95
48
46
44
98
88
65
85
A8
6A
91
66
6A
50
04
A2
25
29
08
11
82
40
86
92
25
60
15
18
28
A9
19
15
81
A2
A6
94
64
66
99
08
41
51
20
1A
08
A8
9A
52
51
61
98
5A
41
61
5A
50
28
09
56
06
52
59
00
11
19
49
92
22
06
86
96
84
22
85
6A
15
46
9A
91
99
02
19
19
19
09
A6
09
95
9A
65
A4
44
89

