90
54
50
55
58
49
59
06
84
A6
95
86
16
A8
A2
4A
94
05
68
62
A0
99
50
14
55
A0
06
6A
48
94
02
05
94
59
45
90
45
84
89
68
26
89
05
08
91
5A
52
49
81
69
08
22
69
15
25
2A
58
8A
09
A9
2A
12
59
56
60
A6
20
25
46
91
25
94
01
81
A9
12
41
16
66
A2
56
1A
68
69
09
11
09
41
92
00
21
05
56
10
46
49
6A
02
5A
60
A1
91
9A
14
54
55
05
1A
1A
96
59
18
28
A9
86
65
A0
82
9A
45
01
48
58
A9
A8
41
8A
6A
4A
99
25
89
06
95
99
11
56
09
96
25
48
49
95
AA
2A
6A
65
96
A0
A4
96
A9
A9
46
89
A5
24
9A
55
61
68
0A
08
A4
15
01
A5
AA
99
9A
69
82
A1
0A
5A
00
9A
90
A8
A6
5A
55
51
58
69
A6
59
16
60
1A
48
60
25
9A
41
21
01
85
95
9A
50
59
50
60
21
AA
01
05
56
89
95
6A
64
41
65
86
69
91
21
52
86
8A
A0
48
A9
55
51
90
84
9A
A5
69
65
A9
21
85
02
96
16
54
65
6A
19
18
19
90
A8
81
86
A1
1A
08
8A
6A
86
98
11
61
91
59
24
A6
A6
68
A0
89
4A
21
52
AA
8A
22
98
40
15
25
06
A4
95
98
25
84
A5
A1
81
90
86
96
12
04
98
09
65
45
64
59
85
12
80
60
A8
64
A0
6A
56
26
66
09
04
A5
95
56
61
2A
80
01
A5
89
49
16
64
45
2A
14
52
04
91
58
84
61
64
45
9A
90
6A
5A
5A
65
55
05
52
AA
58
89
4A
5A
8A
22
28
85
88
10
86
14
6A
9A
64
01
61
28
56
A8
86
65
55
91
A0
49
09
65
A4
46
61
81
45
90
15
A9
44
84
55
94
29
51
8A
52
99
11
56
A1
29
A2
64
21
8A
15
95
0A
0A
66
A8
86
62
90
A9
1A
96
25
85
25
21
18
84
06
A9
A9
42
99
A2
46
61
44
62
A4
52
54
58
59
66
A9
61
AA
51
16
46
54
60
95
A5
94
44
85
85
69
99
A8
56
9A
A5
88
54
64
21
99
A5
0A
48
88
05
50
85
90
40
15
88
81
A5
A1
6A
26
68
64
95
90
94
A0
89
A8
55
54
85
10
24
50
A0
28
96
2A
A5
6A
61
54
A4
A5
08
96
14
65
21
52
96
98
16
66
5A
69
1A
A5
96
56
AA
08
61
6A
90
05
46
56
45
50
55
61
19
68
65
96
09
A6
51
25
52
A0
55
52
15
89
96
41
00
61
6A
16
88
19
66
A1
91
4A
84
5A
82
62
60
99
96
9A
66
50
A8
AA
18
19
18
46
4A
11
96
82
95
60
AA
68
49
AA
A9
18
51
96
98
22
A2
26
2A
A2
95
55
42
5A
55
65
96
91
A4
85
45
09
A8
A8
81
09
5A
9A
44
A1
AA
0A
15
82
65
12
61
92
64
85
99
4A
25
55
12
49
4A
A5
11
51
84
49
61
99
6A
66
A1
9A
5A
6A
55
24
5A
4A
A4
69
82
A9
95
55
01
54
54
10
46
A2
65
62
A9
04
25
98
9A
92
20
26
69
99
8A
48
89
8A
55
58
29
61
11
05
19
84
0A
60
A9
A6
18
86
40
95
16
88
00
21
16
28
58
58
A4
61
61
99
A6
42
90
A6
14
91
85
69
29
15
10
98
96
14
48
29
85
12
0A
A1
19
45
6A
A9
A9
A8
85
80
01
65
28
20
56
01
0A
66
59
54
A4
86
9A
24
84
98
A5
64
54
06
22
14
19
62
89
0A
46
18
11
A6
42
96
60
10
60
58
92
11
08
19
06
18
AA
66
02
64
A1
01
91
42
16
10
12
81
98
66
4A
89
92
04
44
00
50
25
90
48
94
94
2A
15
51
94
22
09
55
69
54
64
62
60
A0
96
18
AA
0A
54
61
96
96
AA
55
49
58
AA
89
09
96
60
86
95
5A
65
90
65
99
16
65
06
A1
55
14
48
69
9A
62
96
46
41
96
94
90
A1
16
04
80
41
99
A5
25
62
55
A9
14
90
15
9A
15
A2
46
94
88
89
29
28
55
6A
56
24
9A
24
48
86
52
99
59
24
21
68
41
69
91
26
28
19
6A
54
6A
15
99
61
91
18
5A
5A
59
4A
59
5A
88
95
91
96
5A
4A
A5
56
18
55
19
01
22
10
16
58
A4
01
94
06
91
A9
15
69
5A
91
50
62
89
21
91
0A
2A
2A
49
A4
6A
56
29
19
19
59
51
15
80
16
94
99
9A
84
1A
A9
A4
56
40
52
66
29
41
50
94
21
01
A9
16
46
15
6A
56
92
48
A2
A5
41
4A
86
14
56
14
04
A0
14
9A
66
59
98
89
A2
68
2A
44
50
91
40
66
1A
55
96
48
AA
6A
19
55
12
18
55
25
44
A2
60
68
60
86
04
55
94
94
20
21
58
56
6A
69
54
99
22
19
A8
9A
59
60
19
49
AA
62
06
66
A4
51
0A
26
89
92
20
29
1A
58
86
98
25
A5
A9
50
56
65
69
65
05
44
99
05
49
64
96
81
95
20
A8
69
54
8A
21
49
61
65
98
04
5A
84
9A
84
69
02
11
15
52
8A
08
16
AA
92
62
09
A4
58
99
A6
A9
A6
A9
49
59
5A
52
94
50
65
A1
81
46
19
09
05
81
4A
06
11
4A
29
68
44
5A
5A
26
04
55
A2
29
41
6A
49
91
54
44
26
49
4A
22
90
68
89
49
54
58
19
82
11
89
65
59
89
90
52
A1
86
91
50
18
6A
59
59
55
82
5A
12
22
42
A6
60
41
22
2A
56
65
19
61
19
92
14
25
A2
80
5A
94
99
65
61
85
0A
61
10
20
21
6A
A9
94
A2
86
65
55
98
91
1A
A9
21
1A
5A
9A
A5
A2
46
25
55
86
95
08
26
21
A6
A0
11
18
61
9A
22
5A
45
85
1A
52
22
91
4A
A8
1A
65
26
45
89
45
9A
AA
65
86
51
59
95
1A
92
69
05
86
54
10
10
16
59
56
A6
4A
29
52
A9
A9
6A
A6
44
89
A1
92
2A
49
96
60
A4
9A
51
90
69
A6
95
12
9A
91
82
68
15
92
46
A9
46
14
85
25
95
55
69
92
48
48
96
69
68
55
A5
19
06
69
21
28
8A
A1
69
A5
42
99
28
96
44
49
A9
6A
92
48
0A
48
88
25
11
59
92
5A
99
62
2A
59
8A
59
9A
69
A6
10
A5
9A
AA
04
A4
65
A4
2A
60
5A
11
AA
99
51
5A
66
68
A6
A9
45
92
A6
55
85
99
51
99
82
06
59
96
91
69
40
64
41
10
A1
90
11
22
86
58
95
A4
42
1A
06
22
68
A9
24
82
5A
59
61
26
69
68
A6
5A
A6
96
A4
14
A5
68
98
9A
5A
81
08
8A
85
61
56
41
62
94
60
21
4A
52
50
09
50
48
40
A2
A8
15
28
21
26
55
A2
44
24
05
80
06
6A
62
62
A5
99
66
22
8A
05
4A
55
86
12
5A
09
66
AA
A1
A6
A5
88
01
00
61
25
59
00
85
81
91
08
4A
94
69
44
91
AA
26
56
A4
09
A1
A1
1A
80
1A
40
91
18
80
60
01
40
55
A9
61
18
A1
AA
51
A5
9A
24
55
A9
56
90
81
50
5A
09
55
56
26
A8
9A
86
85
94
01
61
54
A4
5A
94
99
26
80
49
92
25
AA
20
66
99
90
24
11
24
65
81
6A
99
A8
24
0A
26
A4
8A
95
69
A6
56
85
51
46
1A
6A
14
80
A6
A8
40
68
64
01
16
9A
61
94
90
81
42
98
A5
85
95
18
9A
6A
61
45
65
8A
68
81
99
2A
96
A9
19
4A
A6
98
59
AA
12
68
49
96
50
A9
08
2A
84
A9
18
A6
11
88
48
55
19
59
86
91
A0
54
61
19
15
0A
88
8A
2A
04
98
0A
99
56
95
84
08
89
66
A9
A8
66
9A
64
50
65
29
54
48
24
A6
A6
11
14
21
29
5A
61
50
92
96
65
98
01
64
5A
65
A0
A8
6A
AA
65
24
09
22
46
A4
66
99
26
AA
28
08
65
06
86
91
54
54
4A
99
91
29
05
A5
60
02
89
04
A4
58
96
82
62
09
55
98
11
15
2A
89
14
96
52
54
A1
18
55
29
09
48
58
66
68
A9
88
06
44
09
54
66
65
64
9A
25
A2
AA
51
52
11
0A
5A
26
19
A4
84
14
24
8A
2A
46
9A
A5
10
88
54
61
99
56
25
49
16
A4
42
5A
59
09
05
A5
54
91
6A
90
58
8A
56
89
21
A8
24
61
A9
62
2A
91
99
5A
42
56
41
12
96
55
54
81
24
46
A8
65
A4
95
65
A5
A8
45
21
29
A1
25
61
94
64
14
65
22
91
A1
46
A1
16
6A
25
98
92
65
96
12
A9
06
60
46
50
82
84
20
9A
96
24
29
95
28
A2
16
20
A0
1A
A8
26
09
A8
51
66
95
94
91
62
91
28
6A
86
9A
04
A6
51
14
59
48
15
69
49
04
0A
A0
69
9A
64
45
69
16
A1
21
A1
92
86
98
99
82
1A
05
A1
A5
24
40
A2
51
A6
24
92
A4
09
84
99
08
8A
68
46
66
8A
96
09
49
21
44
14
64
22
94
52
08
85
06
52
69
58
4A
65
8A
59
A8
A9
18
19
2A
55
55
24
41
9A
18
A5
14
A1
4A
60
52
46
62
2A
85
21
2A
69
A2
1A
51
50
64
91
54
20
26
20
64
29
A4
64
18
59
25
52
50
50
06
86
4A
25
61
8A
6A
21
62
61
66
84
6A
86
26
12
54
65
6A
18
11
64
48
41
91
4A
19
29
86
68
5A
6A
9A
2A
1A
19
89
69
66
A6
10
69
A5
48
00
95
52
6A
9A
95
66
51
20
62
90
55
69
56
90
59
55
15
A1
52
8A
4A
5A
49
94
68
28
95
96
24
95
69
91
66
2A
6A
26
26
14
95
1A
96
25
55
59
95
69
68
56
12
20
28
56
44
59
09
54
64
22
66
24
66
84
26
44
8A
52
29
60
9A
A0
68
02
59
81
49
AA
1A
95
26
58
A2
11
25
81
60
54
2A
96
99
66
8A
51
A8
28
24
54
A4
05
24
94
41
81
5A
A6
96
A4
2A
A9
95
64
15
8A
11
66
55
A2
AA
9A
10
90
26
A5
11
80
19
1A
22
A5
82
92
59
61
82
A4
59
51
AA
51
64
16
46
62
A0
A2
8A
18
12
AA
92
48
61
66
4A
A0
49
96
12
95
59
6A
15
6A
6A
48
84
5A
41
95
40
09
20
09
10
A9
52
22
28
12
9A
42
58
98
86
9A
86
A9
99
9A
58
AA
42
A2
24
06
A2
96
5A
2A
00
94
A1
48
1A
2A
42
18
A5
45
A4
20
48
96
25
56
2A
15
49
9A
0A
A0
2A
26
96
09
62
22
48
84
91
05
6A
18
A1
48
55
19
25
1A
90
94
4A
54
16
91
29
99
10
5A
52
A5
11
41
10
91
A1
54
92
94
51
14
61
04
09
49
15
59
45
A0
49
10
06
00
86
29
94
55
88
9A
2A
20
61
4A
1A
9A
A8
25
01
55

