81
64
1A
6A
41
41
64
19
64
22
14
12
21
14
80
55
62
69
25
65
01
A0
98
80
86
99
25
00
4A
55
14
54
88
5A
4A
26
5A
0A
69
6A
16
20
85
08
58
84
A5
A2
44
02
65
8A
12
A6
09
84
88
65
95
66
50
4A
59
55
1A
64
69
92
9A
46
8A
A8
48
51
40
25
29
4A
5A
46
00
59
49
50
A8
09
1A
09
96
44
24
92
85
85
2A
14
04
19
56
80
92
29
6A
11
94
98
A9
06
89
60
21
0A
28
A4
44
11
0A
A0
A2
96
41
AA
11
96
29
69
25
44
09
41
56
96
51
14
11
91
18
90
52
08
06
64
A0
A1
62
56
65
88
04
41
80
01
68
96
42
69
26
65
61
A8
94
64
22
A8
04
92
28
81
80
95
99
19
62
29
14
99
69
85
4A
12
49
A6
92
04
51
A9
62
46
22
5A
45
15
11
22
A4
22
44
41
00
24
19
62
08
58
62
19
61
68
62
02
02
1A
00
45
16
02
90
12
82
41
4A
40
11
80
65
4A
20
62
06
0A
00
8A
42
69
89
2A
01
08
62
81
52
94
62
54
11
00
19
25
82
00
09
05
08
80
91
45
A2
09
02
A1
06
66
08
A2
46
9A
00
54
00
89
84
00
44
16
46
25
46
02
42
A0
0A
04
62
24
60
5A
08
02
91
20
86
A4
12
A0
62
64
05
A4
91
46
05
16
84
15
6A
29
60
A2
44
66
01
02
24
81
96
A1
59
09
29
AA
66
0A
05
92
56
91
A9
A9
06
42
11
A5
A1
51
54
55
90
40
10
50
06
66
64
28
92
65
A4
90
90
44
50
81
06
55
A6
56
A9
A2
60
28
45
09
18
85
51
56
48
A1
04
50
46
58
AA
86
06
16
10
A4
A5
AA
09
A9
11
42
28
56
AA
00
6A
44
68
5A
4A
42
54
05
48
42
48
96
82
96
5A
51
4A
29
59
0A
92
42
66
6A
80
6A
5A
88
94
09
92
80
A6
AA
96
91
88
04
09
68
A2
15
68
99
42
A0
55
80
A8
14
2A
40
91
26
68
81
60
90
5A
66
85
9A
6A
95
99
25
42
99
92
40
80
18
A2
90
86
08
91
4A
66
A5
86
62
90
5A
90
51
5A
A1
40
48
40
58
69
94
A8
81
10
65
A6
69
90
65
56
45
81
A0
99
14
A1
11
6A
11
94
56
26
91
69
25
62
22
51
AA
41
82
45
61
60
90
A6
9A
68
2A
50
25
6A
96
99
80
52
58
91
9A
62
26
82
A9
22
A6
A6
44
A1
98
A9
6A
69
86
14
59
84
52
24
81
A4
95
56
52
A9
20
09
2A
11
00
16
22
A4
89
51
66
92
96
08
6A
6A
86
A8
91
58
15
62
92
85
16
40
68
18
14
0A
90
96
59
A6
68
49
4A
10
41
64
A8
A6
18
A5
16
08
0A
10
96
96
08
19
04
62
99
66
A1
81
84
02
60
04
18
28
02
42
96
0A
00
1A
61
80
62
61
58
64
90
86
A0
12
22
94
21
26
08
19
94
15
A4
59
81
08
90
81
A5
08
48
A8
A4
4A
21
20
86
94
41
84
00
91
96
94
40
80
44
42
29
82
21
90
40
48
61
10
5A
85
26
90
86
4A
61
45
49
2A
51
56
49
96
51
92
48
54
15
49
58
42
60
62
89
90
A1
86
A1
A9
8A
50
62
42
A6
94
A0
85
66
52
48
66
10
1A
46
29
04
65
94
88
91
82
19
41
85
16
40
98
51
01
2A
54
92
A0
14
28
85
89
62
20
A6
0A
5A
22
55
A5
52
91
68
99
81
8A
86
42
94
99
89
A5
25
4A
91
6A
81
2A
A9
09
42
69
62
40
45
20
28
14
12
2A
41
82
29
94
41
16
A5
2A
54
26
4A
05
A4
44
40
59
48
82
11
15
A9
80
A4
04
80
85
4A
54
51
89
28
68
08
68
90
68
91
89
40
99
A4
81
55
6A
88
2A
84
44
58
A0
91
68
68
92
91
68
55
91
0A
65
54
04
48
A4
15
91
62
68
20
55
40
A1
60
89
4A
21
99
68
28
80
66
10
65
A2
A8
A5
40
45
5A
16
45
2A
50
14
41
00
58
56
A8
08
61
51
61
55
A8
65
85
50
A9
29
A8
89
58
21
29
4A
90
95
25
88
45
55
88
50
86
61
81
11
18
81
28
52
A6
A6
15
1A
65
96
21
06
A4
66
0A
A5
95
A1
8A
A2
9A
2A
59
2A
26
69
46
26
46
00
A6
52
02
40
09
AA
49
62
68
A4
05
62
5A
41
8A
82
94
22
19
89
A5
95
A4
91
01
AA
24
48
81
40
52
46
4A
A0
60
04
A1
42
19
18
60
95
81
8A
60
12
44
95
40
62
02
62
55
02
85
A4
91
25
1A
29
10
A6
61
41
20
99
0A
58
10
81
1A
22
14
52
00
04
42
08
82
00
15
01
04
81
52
A5
A2
A9
85
8A
12
A2
41
90
08
05
0A
06
85
05
01
85
28
85
A0
14
89
45
15
05
86
04
60
28
80
21
48
52
25
AA
45
19
82
91
19
54
59
59
86
54
88
80
86
A0
A8
95
51
80
91
61
46
55
52
69
8A
04
29
84
14
81
91
48
00
68
10
29
9A
04
A6
6A
AA
26
A6
A0
8A
56
56
85
56
58
AA
82
98
54
1A
85
14
15
46
A8
12
16
21
9A
54
01
92
99
80
98
10
26
9A
90
48
19
44
15
40
8A
89
90
26
62
5A
91
6A
6A
52
82
99
0A
69
81
4A
60
22
60
56
42
06
62
4A
22
64
16
10
92
52
96
52
48
6A
69
8A
84
26
05
6A
65
A0
A9
20
95
89
15
86
15
8A
96
69
84
89
84
65
8A
51
6A
91
6A
95
42
11
96
A5
48
8A
46
45
66
45
2A
91
1A
09
69
94
55
85
A9
85
28
51
66
41
90
61
2A
28
00
A5
1A
68
68
16
94
6A
86
58
84
48
48
91
62
66
40
52
61
99
2A
81
A5
51
96
55
99
92
80
A6
19
A5
69
05
09
42
4A
A6
09
AA
95
96
AA
91
68
60
61
91
A2
65
52
25
A8
99
88
A4
66
99
A5
54
A2
95
95
90
04
68
86
92
69
69
98
91
61
66
90
85
5A
92
95
48
80
49
25
61
25
6A
69
58
66
69
16
51
A4
59
45
59
A5
68
82
09
44
8A
52
15
91
99
42
46
40
86
5A
95
41
99
88
09
45
82
29
50
16
06
4A
81
12
82
81
68
58
AA
11
05
41
48
19
68
98
94
62
12
56
80
50
4A
62
18
28
82
65
86
15
84
04
21
A4
91
44
15
1A
84
AA
28
4A
01
81
10
02
00
41
29
81
81
A0
42
91
89
42
08
00
10
15
A6
22
86
00
42
80
A4
92
52
A8
49
82
98
06
04
41
60
45
80
44
91
84
60
21
60
26
A2
A0
05
A5
01
14
46
89
45
68
64
24
49
48
48
28
9A
58
A0
60
5A
A2
64
16
A6
A1
A1
69
A9
21
5A
9A
1A
49
A6
55
89
40
48
6A
A8
56
08
94
A9
99
4A
4A
69
60
06
82
1A
24
26
69
A6
8A
14
20
01
68
88
4A
82
51
42
00
18
44
06
09
26
54
85
A6
28
2A
15
15
A6
95
AA
80
60
44
6A
25
8A
01
81
68
99
86
20
46
5A
A6
92
80
40
08
4A
51
52
22
45
21
80
AA
68
24
A4
0A
49
84
A0
A2
40
1A
A8
5A
29
91
A0
19
52
05
A2
16
A2
A9
10
99
18
29
89
AA
95
89
A6
95
66
88
86
A6
89
12
91
08
84
98
90
01
AA
01
25
42
56
11
59
4A
60
16
95
26
85
6A
94
66
25
09
86
66
88
22
11
A2
66
18
46
2A
26
69
42
89
66
99
AA
66
55
2A
56
96
4A
16
41
91
01
89
62
0A
66
49
29
A2
64
55
12
46
6A
45
A0
A5
98
26
66
45
9A
9A
69
89
11
96
18
66
98
2A
66
26
99
A8
8A
25
62
26
99
8A
99
A9
11
24
46
65
88
0A
89
11
21
56
06
98
88
59
55
59
A4
AA
41
A5
46
55
55
15
46
55
58
A6
24
59
69
64
90
65
60
88
AA
A9
99
22
06
91
91
8A
22
4A
A5
11
91
26
98
48
99
85
8A
10
42
82
56
46
11
A4
86
81
62
08
A2
48
49
A6
50
49
02
61
58
02
48
09
08
49
24
A5
11
42
48
44
09
91
51
64
29
60
02
28
24
0A
60
42
98
95
98
89
A2
62
46
06
29
A6
24
82
12
19
00
50
62
61
89
01
91
10
18
15
94
15
55
02
12
A4
41
16
01
50
15
99
A6
95
11
29
99
14
48
00
95
62
60
64
69
09
44
69
91
41
51
A5
41
98
1A
66
16
54
AA
A4
94
54
9A
2A
11
A2
2A
66
91
94
6A
51
6A
42
2A
90
20
52
19
59
59
56
22
20
22
99
66
99
65
44
A6
0A
95
88
80
66
A8
24
60
94
91
85
40
58
45
10
60
20
84
48
54
92
2A
25
AA
8A
59
98
6A
59
29
A4
A4
66
5A
91
22
99
52
11
99
59
18
A6
49
A9
66
89
62
26
99
58
24
40
95
20
12
AA
52
96
04
29
09
54
24
50
2A
94
88
41
49
22
58
51
24
0A
98
08
14
46
92
94
59
62
28
25
60
65
A9
19
A5
28
96
66
59
94
95
56
25
14
A8
56
28
02
85
29
11
80
12
24
A6
A0
61
96
95
85
21
18
A4
A5
22
11
62
69
45
86
94
9A
61
64
08
60
92
99
84
20
19
6A
98
26
95
52
22
15
58
84
86
56
05
28
29
16
51
24
01
29
1A
08
A8
11
AA
06
29
89
21
58
10
22
1A
55
49
06
85
56
69
91
94
91
6A
61
91
56
21
68
12
52
51
55
26
52
A5
66
60
56
5A
21
A9
92
1A
68
92
68
5A
2A
05
20
04
60
58
4A
A6
68
84
0A
51
96
26
01
09
55
19
20
5A
10
A1
65
51
58
54
20
24
99
58
A8
61
AA
94
94
A6
A5
64
18
29
12
A0
21
4A
AA
10
91
52
8A
20
40
02
60
00
01
54
A0
02
11
A1
21
51
A8
A6
50
80
88
00
A0
19
91
19
55
A0
45
64
A5
24
15
12
90
02
A0
41
50
84
69
01
A5
91
22
50
14
16
11
98
18
01
41
41
22
40
01
56
84
04
26
69
95
40
45
05
28
62
68
95
8A
8A
48
20
16
84
A6
18
04
25
26
25
04
16
41
12
40
60
99
96
26
94
18
81
12
46
85
62
A6
A5
81
A5
10
56
96
48
4A
12
12
04
A8
58
14
60
90
18
A1
58
51
62
90
11
26
65
60
24
54
59
18
19
89
96
25
98
54
9A
8A
61
68
82
15
66
6A
96
A9
A0
69
A1
89
29
25
A8
55
58
85
84
29
66
A6
8A
90
9A
99
5A
50
66
92
65
56
59
A9
56
24
98
A6
61
66
A0
90
68
25
46
61
52
46
25

