94
42
8A
01
40
11
01
40
02
28
20
8A
40
58
AA
45
A6
12
40
40
49
82
14
8A
55
60
82
A6
05
5A
50
49
26
08
1A
68
51
59
18
52
24
56
20
84
45
5A
8A
46
45
0A
64
0A
90
64
4A
24
8A
66
66
45
AA
58
21
45
18
48
50
06
AA
21
10
58
15
16
55
40
9A
15
21
A5
A1
18
20
61
94
51
95
99
48
46
10
A5
25
96
2A
62
55
A0
A8
49
AA
59
88
51
01
85
84
66
98
A0
59
99
5A
59
52
25
81
95
05
49
82
52
09
98
12
59
AA
11
84
01
A5
A5
69
69
89
21
49
1A
29
26
29
62
50
5A
A9
A9
40
66
AA
12
54
8A
12
AA
A5
26
49
64
9A
20
95
80
59
46
18
95
81
45
25
19
99
58
11
9A
95
12
42
61
81
99
AA
68
86
95
99
9A
6A
89
18
52
42
55
95
AA
02
A8
28
94
08
86
44
A2
05
10
19
44
4A
61
50
0A
44
84
42
96
02
9A
11
A6
40
02
92
48
40
16
54
16
01
08
02
40
6A
60
18
02
49
61
84
0A
98
44
49
88
AA
54
02
A1
45
56
95
16
85
01
22
04
90
01
4A
4A
66
04
89
A0
22
69
08
80
08
01
89
46
20
48
91
00
04
9A
52
0A
18
84
16
51
51
40
18
98
22
09
21
12
66
62
14
81
26
82
29
55
A4
54
10
A6
65
55
46
86
92
A8
40
26
99
88
A2
15
49
96
41
96
06
96
66
6A
98
49
25
42
54
40
A6
58
45
69
2A
48
91
96
08
66
54
61
08
62
0A
62
41
95
06
58
91
82
66
24
A2
89
AA
6A
48
86
66
6A
50
5A
89
95
59
68
55
15
AA
12
40
28
26
86
61
60
65
85
11
56
91
96
12
06
20
94
40
A9
09
56
80
06
A8
84
15
58
16
65
84
49
16
28
66
26
1A
55
95
01
61
A0
21
65
24
89
25
62
11
89
41
88
09
80
54
4A
12
A9
49
19
55
44
A8
29
44
61
96
69
41
96
19
66
09
12
18
05
14
8A
45
54
00
2A
04
94
10
51
02
89
84
2A
60
A1
96
08
81
82
64
29
08
41
15
50
66
88
69
11
62
2A
64
69
68
A9
6A
A1
90
96
09
46
19
86
95
62
64
42
92
99
5A
68
08
68
94
4A
9A
61
56
66
49
88
A4
91
60
04
11
49
26
02
A6
A2
01
4A
1A
69
4A
92
92
56
5A
98
44
25
85
A6
49
46
89
19
96
46
85
81
28
42
96
41
60
91
9A
5A
98
28
55
0A
5A
26
64
86
6A
66
9A
2A
A5
50
64
44
88
25
A9
80
16
62
19
A1
55
91
A5
44
99
92
66
91
88
A1
12
12
08
04
56
48
22
65
29
16
02
09
04
00
94
68
01
A0
4A
94
28
25
80
04
52
58
10
84
14
08
02
00
82
16
92
10
08
01
A1
12
18
02
00
11
02
4A
51
06
2A
A5
42
80
86
09
61
00
14
24
00
00
01
19
01
A0
A9
21
08
4A
45
00
49
80
68
19
08
22
20
9A
52
98
89
92
00
06
A1
51
54
1A
80
A0
0A
21
48
89
56
09
59
91
88
40
08
81
68
60
95
46
5A
45
12
92
45
09
10
54
69
18
92
89
48
A2
28
69
96
42
54
5A
92
95
59
96
95
89
98
68
46
15
54
69
A0
20
92
65
52
54
0A
69
01
89
56
88
49
19
88
99
9A
81
6A
28
15
AA
A1
24
10
A8
05
96
A9
A8
9A
AA
46
91
18
91
49
69
59
69
06
5A
92
86
65
61
91
66
89
28
49
14
AA
28
44
29
54
80
00
10
96
4A
A1
96
40
12
9A
A4
81
5A
92
04
12
98
19
49
A6
85
4A
56
5A
06
89
02
12
52
40
94
55
52
9A
88
12
01
81
16
56
59
29
96
A9
16
02
01
56
59
4A
84
24
80
09
40
48
21
12
86
40
10
59
05
90
86
48
A0
88
94
96
96
90
86
65
0A
99
4A
20
08
48
81
56
55
58
66
09
62
24
A8
06
86
46
54
A6
29
4A
4A
62
91
92
A4
19
86
41
A2
48
60
20
98
95
84
45
55
AA
59
96
48
59
98
92
A2
59
82
22
61
95
29
94
95
8A
96
90
69
50
69
46
22
A4
20
2A
64
66
41
41
56
45
12
99
85
66
96
55
14
54
51
16
54
10
AA
56
50
90
4A
5A
A8
65
99
64
85
94
A4
84
00
55
44
16
99
29
A6
6A
95
48
68
02
2A
81
A2
46
00
6A
00
80
60
00
88
22
20
2A
02
06
02
94
50
56
86
81
69
12
99
84
40
89
82
6A
06
16
10
69
02
60
10
41
29
59
50
1A
14
20
5A
42
89
92
41
A9
A9
0A
01
A0
65
40
42
46
92
84
A5
50
66
40
20
09
22
60
80
88
82
19
20
51
08
88
88
60
14
48
49
20
02
69
12
09
19
42
90
90
21
49
A8
02
20
92
08
06
48
60
81
9A
21
48
25
84
8A
A8
98
60
61
51
15
25
24
A8
21
18
8A
04
65
11
49
55
25
5A
A2
55
62
26
26
24
46
1A
51
80
86
94
25
95
55
86
89
88
48
29
A2
59
86
25
A9
1A
50
5A
22
99
9A
56
50
01
61
61
2A
55
21
94
60
59
15
04
11
96
1A
A1
6A
42
62
92
A4
16
9A
A9
24
68
A9
6A
A6
98
A5
95
45
95
58
95
42
41
69
08
94
44
1A
60
45
55
16
25
59
00
A9
40
24
A4
15
58
04
20
84
96
91
9A
A4
A5
56
86
60
22
06
24
9A
96
14
92
21
A6
9A
44
86
05
49
5A
41
A9
42
95
5A
09
60
92
20
82
80
88
90
8A
68
90
2A
98
88
89
AA
59
A2
8A
11
69
2A
24
94
01
04
96
A9
65
68
16
1A
45
99
86
14
80
22
22
41
14
A4
68
25
69
4A
86
92
04
69
52
A9
92
59
09
8A
64
A2
95
61
94
A4
14
1A
9A
6A
A9
88
64
09
29
A0
2A
0A
56
26
98
65
51
55
5A
6A
52
6A
A0
05
98
00
21
92
02
26
58
12
29
99
96
94
AA
61
08
16
A6
A6
8A
92
55
05
14
66
08
A6
44
A5
2A
15
08
99
A4
25
A9
46
A8
90
A8
5A
88
48
12
1A
80
18
6A
64
0A
26
14
99
95
51
A1
11
89
50
98
00
A0
10
80
00
09
18
00
40
06
61
82
4A
18
86
84
1A
00
24
02
A5
24
5A
85
00
A6
18
90
11
00
24
90
15
84
01
89
28
A4
48
40
04
41
91
09
A2
14
08
A2
60
09
94
18
8A
00
66
84
58
85
4A
91
A2
85
5A
01
40
4A
81
06
88
22
A6
52
AA
49
50
46
64
90
61
22
64
41
90
28
20
14
98
84
01
01
60
29
59
19
A2
4A
54
4A
54
26
A0
20
19
96
4A
28
A2
68
44
15
64
6A
69
5A
14
55
48
46
96
21
56
88
24
94
56
28
24
99
14
10
82
06
20
25
A2
88
49
54
89
29
69
11
25
84
A5
21
25
29
01
95
A5
80
85
12
5A
64
18
99
60
A0
24
55
24
5A
8A
9A
18
58
09
95
52
88
A2
41
69
04
58
A1
44
64
99
19
98
92
98
5A
9A
56
20
01
06
21
02
25
46
15
64
91
16
14
19
06
2A
5A
56
06
A1
10
92
01
10
18
12
49
9A
86
25
A6
8A
25
89
02
20
44
45
80
65
06
52
45
A5
9A
98
69
54
96
29
06
09
51
98
59
46
01
66
66
A8
88
14
50
28
42
60
25
98
08
0A
26
2A
69
05
64
61
40
A0
09
19
A9
5A
51
69
A8
21
10
84
66
A4
45
A1
AA
08
81
AA
16
AA
65
65
A1
A6
A1
24
A9
46
81
04
81
28
40
48
59
59
89
92
11
99
55
A9
A1
69
A0
6A
5A
2A
5A
82
8A
19
10
52
29
25
45
A1
64
16
A9
52
66
5A
A1
A4
69
69
96
12
42
22
66
96
1A
88
8A
9A
96
91
0A
96
28
56
29
54
A2
94
A8
99
92
AA
69
98
55
26
28
94
52
A1
55
09
08
A9
16
18
25
91
92
98
48
66
54
05
50
A0
A6
00
A9
10
06
68
45
AA
A6
1A
A2
04
56
20
61
18
5A
44
41
50
50
61
06
10
1A
61
02
1A
12
4A
28
44
90
08
56
46
40
42
41
82
01
50
24
51
02
A1
40
48
A1
50
12
9A
50
14
50
48
24
06
A9
18
54
02
A4
85
60
20
20
A4
98
20
21
49
80
00
81
65
90
A0
99
80
41
82
A8
69
56
66
10
98
22
28
25
40
50
11
61
9A
05
01
61
06
9A
AA
19
81
81
19
86
61
15
68
25
16
54
28
82
20
19
25
85
A5
A5
81
66
82
84
68
8A
AA
46
29
A5
98
86
46
81
64
81
21
9A
48
9A
5A
61
08
94
01
25
24
2A
21
55
61
45
29
09
81
84
66
10
18
96
29
80
5A
99
A9
26
16
A9
94
46
58
A5
29
69
26
A1
29
A9
50
96
5A
81
24
4A
1A
54
A0
29
45
A4
61
82
90
29
24
64
04
22
A9
A8
06
89
94
14
82
54
55
05
52
26
48
91
15
82
64
8A
41
55
94
92
4A
50
19
96
06
95
6A
51
24
28
A2
49
58
A5
95
99
90
84
55
20
00
94
56
69
02
81
68
22
98
A0
52
A0
08
94
88
62
8A
A0
88
AA
49
46
64
2A
99
8A
6A
68
0A
65
95
18
A9
A9
A1
A2
28
05
AA
18
61
96
51
A5
9A
01
02
42
08
9A
A5
A9
61
22
15
66
28
45
AA
94
64
A4
9A
54
10
9A
A8
59
1A
88
98
A5
A2
85
12
19
5A
65
99
41
65
29
81
12
95
A0
18
0A
04
6A
61
98
9A
5A
68
26
15
1A
51
65
85
56
12
41
42
5A
01
29
00
61
94
AA
91
91
45
9A
25
59
A5
09
A1
11
66
65
89
98
51
96
21
48
90
66
61
AA
19
19
1A
A8
94
26
A9
66
58
00
98
48
25
A2
A1
20
20
82
8A
68
04
19
41
91
51
52
28
58
20
14
19
AA
45
A0
46
90
25
85
A0
68
82
4A
51
01
0A
44
50
96
82
10
86
69
94
A8
68
18
22
1A
06
06
45
14
82
A2
0A
82
28
50
51
02
68
82
51
55
98
85
A0
61
80
59
04
48
A2
22
10
45
04
61
00
04
4A
01
08
04
AA
51
09
90
61
94
96
94
91
54
A0
52
1A
52
89
A6
19
59
A8
A9
89
0A
9A
6A
40
65
50
82
94
84
46
A6
95
A9
81
09
21
8A
26
4A
14
64
A0
59
82
98
6A
95
64
42
1A
20
68
68
86
98
66
56
10
A1
52
A8
50
99
46
40
19
25
46
4A
8A
58
18
5A
19
62
19
55
44
A0
51
6A
68
2A
94
66
66
80
90
09
49
45
21
66
12
45
44
95
1A
61
94
A5
62
59
89

