92
25
A6
61
A5
20
61
04
51
14
A5
55
88
96
A0
1A
88
41
10
5A
A2
52
A8
AA
29
81
50
46
58
5A
61
50
90
90
68
88
88
90
16
A9
98
2A
14
AA
59
98
95
18
A5
2A
A4
50
AA
40
09
A6
88
89
25
41
91
98
88
81
A6
92
44
91
66
60
19
20
12
11
62
16
55
22
81
58
51
A5
25
95
55
95
5A
06
98
88
82
41
A5
06
25
02
20
1A
12
88
A8
21
0A
29
6A
52
05
A2
16
AA
56
41
28
82
05
A6
96
25
18
92
26
19
85
45
A2
66
94
A5
26
92
54
86
14
6A
91
64
02
68
A2
1A
25
62
26
1A
98
80
25
0A
22
22
A8
21
86
50
04
86
92
94
98
59
58
18
51
88
56
84
50
40
80
12
A5
26
51
05
A2
96
82
52
11
11
02
26
28
24
65
11
65
09
69
98
04
49
29
11
89
00
01
64
4A
05
00
28
58
86
18
00
92
44
45
21
56
9A
9A
95
0A
05
18
01
4A
26
08
12
46
18
55
48
85
22
48
88
24
4A
65
61
50
64
01
02
06
15
62
20
98
4A
20
25
42
99
05
90
02
10
06
91
20
81
A9
28
60
26
21
19
A2
58
04
00
68
22
89
88
24
09
05
28
01
06
08
A4
48
2A
62
42
4A
90
28
20
26
26
2A
05
64
59
4A
95
9A
05
89
69
A1
98
94
88
A4
66
5A
95
6A
9A
29
56
96
09
80
05
85
9A
58
2A
45
2A
4A
59
1A
28
19
1A
25
40
5A
69
58
A6
A5
A5
45
65
5A
54
24
90
89
49
0A
5A
26
02
06
94
5A
51
48
15
58
98
90
91
18
86
41
59
A9
08
98
60
40
9A
A5
66
58
9A
89
25
19
6A
19
68
40
4A
02
82
56
94
58
59
A1
56
60
42
54
56
52
14
56
52
90
51
A4
50
61
46
04
98
52
02
66
90
92
48
90
52
28
16
88
22
06
81
A0
09
29
48
48
A9
12
49
20
86
A9
96
95
45
56
25
5A
85
80
0A
22
81
94
99
65
98
14
26
90
11
9A
94
52
40
15
A0
61
45
5A
12
52
64
44
18
62
A5
15
54
01
42
0A
52
98
5A
A1
10
A1
96
56
65
1A
12
40
52
52
59
A8
A8
61
12
A4
9A
29
94
60
54
66
A1
12
22
21
91
A6
15
24
16
55
A8
A2
55
9A
45
25
11
A2
89
86
2A
06
29
20
A9
56
02
55
A4
44
05
29
A5
46
16
89
A8
56
58
89
55
65
16
88
61
89
29
19
2A
90
6A
A9
99
01
96
52
6A
A9
14
40
46
40
42
96
26
9A
94
02
20
A1
49
94
56
65
A8
A6
46
16
85
62
91
96
09
26
08
89
A1
50
14
21
55
54
05
29
80
1A
06
96
49
50
61
4A
A5
20
16
89
A5
26
45
69
48
91
58
45
91
15
20
1A
A1
09
91
11
98
56
69
2A
15
80
01
06
02
80
12
82
6A
24
10
16
46
10
A8
1A
16
25
16
A6
12
48
05
04
20
15
A1
A9
41
20
20
04
05
2A
61
05
4A
20
21
19
16
49
96
50
49
A1
40
15
19
96
A4
10
22
81
52
A4
08
25
08
51
A6
A9
41
86
99
90
11
06
A6
16
60
52
89
15
A0
46
89
A0
A6
92
98
82
A5
42
95
50
29
29
29
A0
82
62
62
68
10
A9
84
64
94
1A
A8
AA
96
56
28
54
10
88
80
89
A8
A5
59
62
54
65
01
09
02
64
A5
52
80
15
51
A9
5A
19
AA
45
A4
A8
A0
80
16
19
56
29
29
19
85
96
A4
05
59
60
95
20
89
86
02
41
62
AA
A2
92
80
A2
12
25
6A
A4
89
62
A4
41
A6
81
0A
06
61
2A
59
49
A9
49
AA
58
0A
41
A1
59
52
41
51
49
41
AA
55
55
49
65
A6
62
59
AA
51
A2
45
26
51
49
59
8A
01
55
95
12
61
91
16
A0
00
A6
09
18
95
11
91
A9
59
26
86
A2
88
89
9A
85
55
56
A2
AA
8A
54
AA
55
A6
49
AA
82
55
86
96
A6
A2
86
51
65
61
55
A2
54
92
51
26
95
16
56
64
98
94
11
59
92
A8
81
21
65
69
91
58
95
51
AA
60
4A
9A
A6
AA
22
41
64
41
0A
2A
AA
59
AA
51
69
51
92
86
51
49
AA
A6
65
91
A2
85
95
55
24
99
61
AA
85
69
55
9A
69
81
99
AA
65
A2
22
52
A1
82
61
86
A6
A9
A2
12
59
44
AA
A2
55
51
49
82
92
58
9A
59
AA
55
A6
55
41
51
04
A6
02
21
86
51
04
22
65
06
84
A2
45
01
A0
1A
40
A5
50
55
45
5A
66
10
4A
40
42
41
A2
50
62
40
51
51
44
12
82
44
21
18
A6
51
A6
26
58
A6
90
A2
8A
00
AA
A4
61
41
20
80
49
91
5A
A5
41
04
11
05
0A
59
0A
00
29
49
06
82
91
01
99
54
64
45
41
A6
09
40
51
55
89
A0
58
41
82
50
8A
A8
49
A6
5A
61
0A
A6
56
61
61
69
5A
44
9A
61
AA
9A
A2
26
11
65
01
52
AA
55
11
94
AA
19
A8
64
58
4A
65
A5
55
50
A2
A2
AA
A6
55
22
59
A0
A2
A6
8A
19
00
69
82
49
AA
A6
15
5A
45
56
22
1A
51
A6
52
AA
40
A2
69
05
59
26
AA
94
55
85
45
59
41
00
A1
AA
45
AA
54
A2
41
51
45
59
AA
59
61
A2
55
8A
88
55
25
16
A9
02
18
56
85
50
22
56
25
91
4A
41
96
21
80
25
16
42
60
A5
64
A8
26
51
A8
64
05
52
96
15
9A
99
A9
95
A9
AA
66
A9
A9
42
28
66
A9
99
56
8A
54
2A
85
AA
4A
52
08
50
8A
4A
45
6A
AA
08
05
54
04
A2
44
8A
82
58
5A
66
82
A8
92
66
60
80
60
A1
69
64
46
56
89
05
A5
06
88
10
16
09
56
45
65
54
46
AA
A4
A1
89
60
59
06
84
56
25
59
A1
49
62
09
98
9A
66
11
89
64
56
A8
55
02
66
A0
0A
66
69
45
96
66
45
98
A5
99
20
84
66
A6
06
89
99
99
55
65
AA
8A
45
25
99
65
A5
A6
96
AA
9A
89
89
AA
A6
48
A9
18
89
86
62
2A
09
56
84
21
06
58
A8
AA
99
9A
45
21
89
09
64
62
A2
88
48
65
66
A0
26
AA
46
18
06
09
28
50
29
02
20
69
25
19
24
81
64
05
21
61
22
89
24
A9
01
90
98
10
84
49
08
51
28
61
01
00
24
09
60
00
08
9A
01
5A
14
50
44
60
16
18
80
46
AA
14
21
42
04
42
86
50
16
10
16
06
80
4A
44
16
09
28
A8
A9
52
5A
A8
08
A5
94
06
14
10
01
12
1A
08
A9
89
66
14
0A
48
88
59
14
08
80
26
88
12
11
8A
45
59
2A
99
48
65
99
A6
29
16
18
2A
16
66
69
55
5A
84
59
A4
68
68
AA
20
6A
9A
98
64
95
52
A5
A2
80
9A
A9
66
56
A5
14
91
54
0A
24
85
24
14
91
00
1A
45
82
60
00
82
89
80
81
64
8A
44
66
46
46
A0
04
9A
05
9A
26
29
1A
8A
50
9A
A9
85
1A
24
18
10
46
A9
66
29
19
99
AA
86
9A
5A
A2
98
14
25
89
48
00
45
92
52
29
50
09
52
18
96
09
21
28
1A
18
66
92
16
9A
51
A0
5A
A5
2A
A1
29
15
0A
46
92
98
A1
4A
62
44
1A
6A
86
62
41
82
52
05
82
61
62
0A
90
06
2A
86
06
00
99
42
16
A2
A5
46
05
96
50
21
91
86
5A
25
49
26
A8
81
4A
21
41
85
A1
06
92
66
26
9A
91
19
A9
98
62
A5
46
4A
8A
22
10
19
10
05
A1
06
58
A2
62
95
91
90
60
16
26
50
51
40
04
06
6A
80
85
14
5A
59
95
56
00
86
A1
A5
4A
52
90
12
91
9A
18
50
2A
58
45
24
A6
91
A1
66
86
02
91
91
60
85
81
91
58
52
28
58
40
16
A2
29
45
64
19
05
52
44
29
29
99
02
68
24
99
95
A9
90
56
2A
A8
00
14
95
62
45
24
92
6A
26
01
24
95
6A
06
50
99
04
85
40
48
9A
48
11
25
10
10
22
15
24
25
42
58
15
1A
19
94
48
20
52
22
12
20
5A
59
00
1A
58
5A
99
52
42
A5
90
48
62
88
85
84
02
29
91
12
05
12
26
25
A5
66
25
A5
10
85
18
86
A5
25
64
01
24
18
41
4A
09
48
A0
02
64
20
54
02
A0
01
98
46
69
00
12
A8
12
40
90
81
22
58
24
81
11
69
61
15
66
00
99
68
95
00
AA
82
A8
69
91
8A
68
06
85
61
54
69
91
A5
92
91
29
55
04
19
49
25
94
44
A0
90
AA
01
99
02
69
69
2A
12
90
90
19
85
41
60
94
A2
10
89
1A
49
10
92
40
68
82
24
49
60
90
A9
88
62
64
45
96
5A
28
62
A6
06
51
68
A2
56
00
66
89
06
46
69
99
42
A0
42
18
A9
61
8A
60
05
20
68
A9
5A
85
45
44
11
A2
15
82
A6
2A
20
A4
14
28
16
41
60
99
28
91
49
59
29
46
55
A9
68
55
99
8A
20
6A
89
54
84
64
92
94
94
91
95
95
AA
95
15
68
15
2A
5A
24
65
91
02
91
AA
81
11
4A
A1
4A
20
8A
09
65
40
58
29
18
25
10
12
42
54
15
68
95
84
A0
64
40
29
56
A4
8A
18
2A
4A
6A
99
6A
95
6A
15
29
6A
95
2A
AA
A6
26
44
55
15
25
99
6A
91
68
95
29
5A
82
55
A2
69
1A
55
4A
62
6A
95
AA
61
8A
AA
A8
A4
92
6A
A8
49
12
6A
62
25
95
94
81
20
06
68
21
46
15
81
95
28
6A
91
50
62
2A
89
21
24
25
90
95
51
5A
50
26
6A
94
85
A0
10
20
16
0A
15
61
2A
6A
A9
6A
A0
59
49
08
62
06
99
95
62
6A
11
94
94
65
6A
15
29
99
69
91
62
15
84
11
24
22
18
00
2A
98
98
1A
08
A6
24
08
55
14
62
92
40
0A
01
61
19
65
9A
91
21
99
10
2A
62
91
4A
04
91
81
A8
20
68
18
16
24
40
91
60
60
96
4A
82
48
AA
A0
62
21
04
10
59
04
54
26
28
88
A8
80
04
18
68
11
12
80
50
55
80
69
08
94
81
80
20
11
80
6A
99
20
84
00
11
21
A1
00
69
11
20
85
00
A2
64
80
A8
62
16
58
A5
1A
4A
58
29
09
A6
02
66
6A
0A
56
91
69
AA
9A
68
6A
46
A2
66
55
60
60
95
19
95
95
52
4A
6A
AA
55
12
19
02
28
22
5A
55
41
92
6A
95
49
86
91
56
18
54
9A
1A
84
02
56
29
55
8A
59
95
66
49
1A
26
00
86
A5
94
49
94
98
69
98
25
95
62
55
95
16
15
6A
90
15
A8
91
6A
68
95

