94
22
41
88
96
90
9A
86
92
8A
61
96
90
62
9A
58
50
88
8A
92
86
82
AA
44
54
82
68
86
69
A6
59
A6
54
21
61
69
9A
65
95
05
92
55
96
45
99
AA
65
96
96
60
94
68
61
41
12
89
65
50
90
65
65
69
82
86
9A
69
82
58
41
69
90
41
98
A6
98
92
69
A9
96
89
A9
51
64
51
64
65
96
65
26
69
49
9A
69
61
61
69
82
69
65
61
49
92
51
96
69
86
92
8A
6A
69
82
9A
69
81
8A
AA
69
96
5A
65
01
51
86
45
96
12
16
49
42
98
96
92
65
28
80
90
69
A5
65
92
9A
A6
69
69
69
45
94
86
65
4A
96
9A
41
60
49
64
6A
96
A6
49
64
82
51
8A
96
86
44
96
16
AA
5A
1A
11
A4
0A
26
96
96
96
41
65
69
96
96
88
45
19
82
52
A2
69
92
96
61
42
61
41
9A
A5
62
9A
69
01
89
65
82
42
92
68
48
A6
82
49
56
48
48
96
82
02
69
28
80
2A
9A
05
8A
86
61
96
8A
48
88
45
28
02
2A
61
8A
04
29
A4
95
61
86
96
96
92
5A
50
65
85
96
61
46
9A
94
49
61
41
06
82
49
45
A9
A0
05
65
92
61
A2
85
68
16
65
88
69
65
55
96
82
96
29
9A
11
56
82
61
5A
69
95
8A
69
08
92
81
46
49
49
A6
00
95
5A
9A
10
96
92
8A
60
69
A9
96
45
12
92
84
A6
A4
82
59
65
5A
65
9A
69
94
19
55
0A
62
99
8A
68
51
69
69
9A
A9
61
94
61
99
86
61
49
61
68
98
69
65
A0
41
96
A5
9A
51
45
58
94
96
65
45
92
51
51
48
95
5A
96
51
24
61
61
92
96
A6
96
69
8A
91
5A
92
50
40
96
64
90
A0
55
00
10
54
26
14
05
80
AA
00
8A
A4
28
A8
4A
66
15
90
56
59
84
56
98
06
61
A9
10
12
A9
A0
59
26
41
26
5A
89
AA
04
46
56
91
81
68
A8
06
80
69
41
88
9A
11
44
81
2A
14
56
A9
50
20
A9
15
AA
21
89
41
19
AA
10
20
58
48
A4
42
99
65
61
11
49
48
25
28
60
68
98
16
A4
A6
40
99
44
1A
66
0A
90
22
62
28
58
94
6A
86
A9
44
A9
A5
85
2A
95
21
88
AA
91
55
68
91
92
29
A6
A0
96
68
85
26
65
04
66
65
A2
56
61
8A
91
6A
6A
62
A0
69
06
12
69
89
4A
62
91
81
4A
19
89
55
98
52
0A
45
08
99
59
90
6A
19
25
61
99
24
29
A8
58
81
A5
02
95
82
9A
A0
01
96
05
2A
19
68
25
86
86
66
6A
68
A2
50
94
89
91
0A
58
04
62
A4
02
12
00
48
AA
48
8A
85
2A
00
0A
59
01
10
00
80
51
20
40
85
84
28
A6
10
59
82
04
01
06
61
82
A0
80
98
A4
19
91
89
69
A6
60
40
42
44
4A
90
15
41
01
06
81
AA
24
20
28
00
84
21
40
22
48
40
54
82
41
8A
10
95
54
A4
25
14
04
28
40
42
54
56
56
A2
80
6A
A1
60
84
42
82
A0
81
84
41
11
05
60
A1
91
14
62
69
15
40
AA
96
84
55
44
91
14
46
19
6A
10
A2
62
94
A9
96
90
94
60
45
16
10
56
06
4A
19
52
68
5A
55
A6
15
22
A6
6A
4A
66
49
11
94
4A
16
96
09
14
A9
21
85
28
59
22
04
AA
44
04
80
A9
06
15
50
20
A4
6A
94
25
11
24
08
41
A1
96
49
51
A8
06
11
95
11
5A
48
AA
00
85
4A
2A
96
29
64
A0
60
86
A1
08
18
98
29
11
56
6A
4A
91
65
68
44
56
9A
58
45
25
19
05
5A
84
26
A5
2A
41
49
A1
25
61
98
99
A2
16
A5
21
45
06
AA
59
50
01
86
58
94
59
50
66
69
46
99
80
A2
54
98
41
9A
0A
89
69
90
92
9A
21
98
A9
52
A2
91
2A
69
40
64
A8
55
20
81
49
6A
AA
8A
89
81
48
05
52
A1
28
1A
09
50
51
89
A9
05
20
85
8A
A6
56
28
46
50
91
18
0A
99
85
5A
86
62
42
24
80
12
A4
58
05
29
68
2A
A6
56
A1
50
46
49
82
90
26
94
98
54
14
AA
6A
41
10
09
98
66
48
18
4A
81
58
A8
16
A4
86
84
4A
2A
A9
41
65
81
19
29
26
51
51
4A
24
59
82
20
59
60
14
06
5A
08
48
A9
44
86
56
59
A8
54
AA
64
60
21
A4
16
29
09
00
29
64
A0
00
20
24
A8
80
09
51
09
A0
99
48
88
06
81
A1
52
21
90
86
12
A0
54
68
26
00
80
44
98
09
92
06
08
12
10
60
40
40
A0
44
21
84
86
82
A9
06
86
40
16
40
01
09
85
06
00
40
44
68
88
A1
04
80
86
A2
28
A4
A0
11
09
80
09
00
90
46
10
89
96
29
A0
08
86
46
20
8A
90
82
A0
40
61
60
54
AA
51
51
52
AA
AA
54
45
90
94
81
98
2A
99
5A
60
10
68
56
19
54
19
16
64
95
1A
AA
98
11
A0
9A
61
85
58
0A
94
46
68
81
55
80
52
65
56
45
80
A5
14
55
A8
46
82
A1
40
44
94
AA
96
54
04
96
19
59
15
1A
45
29
00
15
6A
44
65
08
1A
A4
94
65
A9
82
88
18
40
41
66
40
9A
15
54
A2
90
2A
06
51
49
54
2A
54
40
60
52
26
00
2A
2A
51
91
91
14
06
01
58
A2
A8
A8
A2
11
55
22
58
22
29
44
09
A9
65
86
81
A6
94
96
A2
26
49
69
25
04
6A
04
4A
28
92
94
16
66
15
A0
95
24
6A
00
69
10
10
45
96
95
41
22
16
24
62
6A
0A
A4
99
28
59
96
15
14
4A
4A
29
15
48
A9
A0
10
52
50
15
A6
61
98
A6
11
61
90
05
A9
55
11
55
05
46
55
6A
95
66
65
66
A9
5A
46
89
0A
A0
81
04
18
6A
9A
A8
66
52
19
02
49
84
A2
A1
20
94
41
60
19
66
01
1A
58
AA
59
52
69
22
9A
A2
A9
54
41
54
12
A4
94
6A
56
A8
A5
91
84
92
65
12
A6
44
50
16
68
80
A4
96
21
28
92
58
A1
85
16
81
A5
06
A8
41
82
59
55
58
A6
2A
AA
84
82
86
54
26
55
64
A6
01
10
00
11
42
A4
21
00
08
84
25
21
80
50
24
44
94
09
01
09
21
52
94
02
9A
02
01
11
69
42
A2
22
A4
50
94
52
16
56
52
14
20
A2
06
09
82
A8
48
54
A8
01
A8
A0
28
2A
28
82
28
20
82
11
06
AA
20
09
24
54
06
0A
12
A5
00
15
92
05
20
01
A2
59
65
46
54
40
51
42
92
16
64
28
55
52
49
86
8A
92
86
51
05
66
14
48
95
96
98
95
80
A6
85
20
AA
A5
5A
94
58
A1
59
50
59
28
9A
99
A8
95
98
11
96
66
A5
51
A9
55
04
A5
69
11
58
A6
A2
A2
52
55
81
59
92
00
40
04
A6
9A
6A
85
5A
90
09
82
14
94
A4
58
18
22
56
0A
19
26
A5
A8
69
6A
6A
92
66
64
51
59
A0
62
94
19
51
06
42
49
6A
99
92
54
54
6A
56
18
AA
59
6A
29
26
20
20
A5
08
46
25
A5
62
48
25
41
5A
81
6A
64
25
61
5A
51
A9
16
94
12
81
51
26
A5
06
14
82
58
86
04
0A
6A
A0
48
42
0A
15
08
94
14
46
69
9A
61
8A
11
45
46
09
1A
11
89
26
0A
28
88
26
09
60
68
58
A9
82
91
44
85
08
90
AA
69
59
99
81
A4
16
8A
26
02
9A
58
18
92
85
15
84
16
25
A2
25
62
80
85
25
15
2A
9A
6A
64
5A
26
60
66
A6
09
6A
A9
A1
A0
49
48
25
8A
A1
A1
49
9A
A9
11
26
68
10
25
56
84
48
66
94
96
62
99
29
95
69
49
68
11
62
95
85
61
56
21
88
21
2A
15
18
A6
28
66
1A
94
08
41
29
A9
68
66
61
A6
49
11
A2
45
66
1A
94
1A
50
56
41
59
A4
90
99
4A
4A
24
56
64
89
9A
99
82
46
68
94
48
95
45
68
10
90
51
01
24
41
46
64
0A
12
A1
92
4A
28
05
28
18
25
00
62
51
56
29
52
88
55
54
29
41
82
46
49
59
58
99
A0
19
81
26
88
A0
56
A4
68
14
48
4A
A8
48
02
80
16
81
6A
84
8A
5A
21
51
60
11
20
08
82
A6
40
A8
12
61
45
A5
68
00
81
21
85
51
81
A2
11
58
60
88
05
50
54
80
29
98
88
90
AA
19
46
A9
66
A0
80
94
91
A1
AA
A9
92
55
25
04
69
41
A1
52
81
48
50
A6
58
46
A1
55
60
69
88
22
19
55
9A
A1
51
A8
90
09
AA
52
98
99
98
40
95
01
02
42
50
62
69
29
92
68
80
88
A8
A5
00
90
9A
18
64
62
21
66
01
90
2A
26
08
A9
64
54
10
82
51
15
82
94
66
42
4A
89
49
91
16
A0
1A
51
11
82
69
95
06
A8
18
14
90
25
14
95
A5
28
A0
A4
1A
91
08
91
29
95
68
06
06
55
49
96
02
10
24
58
65
4A
A1
52
68
41
65
16
88
2A
25
85
19
94
A5
9A
49
59
15
52
2A
28
04
60
00
44
20
55
84
80
46
9A
99
94
14
86
02
96
14
6A
A9
AA
48
A5
81
91
59
0A
09
A9
A8
A6
40
12
94
0A
52
92
8A
5A
51
49
A0
1A
81
59
61
56
62
49
19
6A
96
66
15
49
14
66
90
18
62
AA
44
50
6A
A2
94
48
25
68
22
56
A9
62
68
49
95
9A
55
14
80
AA
89
86
68
1A
65
04
AA
6A
A9
8A
56
58
92
61
54
95
8A
90
26
2A
AA
50
61
91
49
52
18
66
2A
49
98
19
26
2A
85
21
08
99
10
95
94
A5
6A
26
14
46
96
01
2A
69
A8
85
54
42
51
10
A1
94
45
68
56
15
4A
48
22
92
91
24
88
14
18
26
42
19
15
A9
66
2A
14
82
08
49
29
01
A8
21
04
55
56
90
46
21
54
40
44
1A
99
91
99
99
92
98
26
48
A0
22
20
55
22
01
99
00
00
84
96
90
62
28
0A
42
08
99
02
40
01
08
02
08
22
44
60
29
12
10
18
51
11
11
08
01
89
10
09
11
19
18
88
00
81
4A
1A
01
52
A8
04
05
28
69
10
65
62
A1
29
10
88
50
49
05
A5
26
41
94
20
89
85
84
60
42
40
02
28
6A
89
06
96
86
69
55
86
81
62
54
29
05
58
41
9A
81
65
62
AA
62
0A
A1
86
59
4A
66
09
A2
A6
44
A9
2A
90
09
28
04
A0
11
85
64
25
4A
28
58
64
62
4A
8A
99
59
9A
84
99
28
54
59
94
69
68
6A
94
90
AA
A6
54
18
68
A8
6A
05
86

