0A
22
65
12
01
A9
21
5A
51
45
05
95
9A
88
59
89
00
96
09
22
A5
96
25
8A
56
81
A2
41
5A
A1
85
A2
66
14
25
91
12
91
28
89
56
25
28
16
59
91
24
85
92
A1
A5
00
94
4A
94
10
09
19
60
51
91
66
65
1A
4A
62
15
29
1A
92
29
51
94
95
05
99
6A
91
86
6A
50
15
A9
59
61
08
A1
20
90
46
26
4A
86
59
49
69
26
29
59
A9
81
95
A6
26
16
A4
06
12
29
9A
15
01
08
65
25
AA
88
58
5A
12
29
58
49
6A
92
A9
81
A2
95
5A
04
21
08
68
98
15
A2
8A
19
55
99
A5
16
5A
6A
21
94
25
A0
52
59
69
60
24
65
66
05
62
52
52
15
55
92
59
19
9A
82
9A
62
49
04
49
22
58
24
95
4A
26
85
96
29
86
42
50
A4
65
81
64
46
05
16
00
1A
28
91
8A
65
25
46
69
A5
04
65
55
94
82
68
1A
26
05
41
A2
A9
16
42
6A
2A
45
96
59
A9
6A
1A
19
8A
A5
85
12
96
04
56
51
29
A5
99
95
59
51
56
A6
62
A2
00
68
14
56
5A
16
04
2A
59
69
49
81
A9
A2
12
6A
52
98
10
96
95
86
64
65
45
12
5A
46
66
66
5A
44
54
4A
25
9A
6A
95
99
49
25
56
86
42
A0
86
A6
80
11
A0
12
68
A5
A9
90
6A
A4
44
46
99
59
91
90
8A
48
2A
91
66
88
60
AA
9A
4A
18
15
14
02
10
59
91
26
88
A8
A2
A4
49
62
46
85
AA
18
48
45
14
49
46
A5
08
56
98
54
09
20
04
98
A6
21
A5
65
96
45
88
24
11
06
4A
54
29
81
09
06
68
65
0A
2A
65
02
95
58
92
1A
A1
A4
A9
14
56
66
22
24
54
99
96
86
11
1A
69
81
28
9A
58
44
99
21
45
19
09
56
41
85
40
6A
92
20
66
96
26
10
2A
69
11
A0
80
48
45
66
29
09
80
14
45
54
4A
64
8A
69
84
45
95
84
95
24
86
65
A5
0A
19
46
25
11
21
6A
26
49
86
59
41
5A
15
1A
4A
46
92
55
61
92
29
90
A9
A5
6A
46
1A
68
88
21
5A
11
56
64
40
81
5A
16
92
65
64
26
69
A4
92
56
28
5A
11
59
12
68
85
A2
69
A9
49
00
65
26
44
04
5A
91
24
4A
81
A0
4A
86
94
2A
A9
66
A2
42
5A
92
45
19
A4
65
89
4A
59
95
55
A6
95
95
64
06
94
95
AA
96
AA
8A
85
01
65
A2
55
98
99
91
41
AA
88
69
19
96
69
54
51
04
5A
6A
92
8A
29
19
09
82
86
A6
A6
81
5A
A6
95
85
81
25
96
99
99
26
4A
8A
45
A5
55
5A
51
14
15
5A
56
25
84
2A
12
A4
89
26
A8
A6
56
56
11
05
68
51
89
04
5A
A8
49
85
68
94
A6
46
59
54
0A
92
22
00
65
96
85
55
92
8A
19
A1
92
04
A4
A2
15
94
4A
5A
15
A9
A2
19
45
A9
12
25
49
90
05
AA
48
82
56
81
5A
92
12
6A
29
50
AA
50
A4
19
08
0A
69
A6
21
02
65
8A
A5
22
84
56
25
A6
02
16
15
45
5A
2A
86
69
64
14
A5
91
6A
84
A0
64
4A
56
59
42
A5
55
A2
59
85
9A
40
69
68
09
46
9A
48
22
66
44
62
82
56
2A
62
65
45
62
9A
A6
09
01
00
25
A1
98
12
98
05
11
19
96
92
80
22
5A
62
11
06
85
22
52
58
58
A5
60
50
62
05
48
86
6A
A2
68
24
A6
19
95
60
50
60
69
66
55
A5
9A
22
12
AA
08
95
A4
14
48
9A
A5
66
A2
22
A5
AA
98
04
08
54
A8
08
28
14
46
80
54
24
51
48
21
51
14
00
A0
A9
50
4A
6A
14
8A
89
26
54
A9
40
A9
A4
5A
69
55
42
1A
9A
09
8A
4A
52
0A
08
01
86
8A
85
28
54
06
8A
54
24
1A
88
89
58
96
40
66
4A
2A
49
49
25
02
60
12
46
21
51
66
08
99
44
59
18
60
9A
81
68
88
06
19
15
69
16
62
A5
55
94
44
58
19
08
59
1A
56
49
54
89
5A
5A
94
6A
98
61
21
5A
12
5A
89
84
49
16
5A
A2
A9
A9
99
69
69
26
11
18
69
A5
6A
45
A1
5A
49
89
A9
12
04
5A
46
25
28
84
A6
99
4A
91
66
89
42
8A
69
28
6A
AA
48
15
A0
5A
A0
88
90
4A
85
69
91
26
62
46
51
89
A1
99
A9
64
4A
12
01
40
29
26
8A
1A
55
99
25
24
22
98
5A
A6
A1
94
A1
56
98
26
AA
40
AA
A0
90
15
29
A5
56
6A
12
92
A4
29
45
88
9A
20
A6
51
85
58
A2
81
90
15
4A
46
5A
6A
A8
40
2A
55
A0
65
2A
61
50
16
1A
50
A5
66
26
00
60
15
A2
A4
1A
09
29
26
61
55
A6
6A
16
86
98
6A
26
A1
91
0A
A9
55
99
A9
48
46
55
62
1A
46
A1
4A
5A
21
44
81
0A
1A
1A
94
24
A9
81
10
09
24
46
5A
88
55
62
00
06
06
45
01
45
86
08
46
08
40
44
12
5A
51
89
A1
A1
55
55
A5
82
12
59
44
05
28
A6
56
88
26
88
50
98
A6
A8
29
18
0A
56
55
24
A1
52
48
5A
08
62
54
80
52
A8
0A
56
1A
85
00
26
6A
50
6A
42
0A
42
2A
85
84
92
00
06
64
96
88
06
28
58
16
89
18
66
14
A9
02
0A
14
18
25
24
2A
A2
6A
20
26
A9
5A
06
15
09
26
A9
06
18
2A
11
A6
A5
61
6A
51
15
45
A9
96
11
46
45
90
61
55
15
55
56
62
A0
46
A8
21
85
0A
25
16
29
A4
22
84
A8
26
1A
59
61
84
19
A8
88
06
98
00
00
05
56
8A
1A
4A
11
59
18
A1
29
11
95
44
01
45
24
62
59
62
12
90
59
68
98
25
86
91
16
A6
1A
65
9A
46
89
04
05
44
A8
99
AA
96
10
68
A4
48
99
84
20
2A
59
A9
25
49
66
25
40
98
11
24
66
80
80
09
84
51
58
89
4A
06
08
A8
49
0A
10
29
9A
60
66
90
A2
16
62
A8
89
5A
9A
6A
1A
95
14
A8
25
18
2A
56
61
59
6A
55
20
29
62
56
59
28
92
89
15
A9
51
41
41
4A
56
95
64
98
25
42
56
52
14
0A
48
4A
5A
66
92
A1
45
98
92
09
42
89
44
55
18
9A
51
08
9A
60
45
A1
58
05
69
96
0A
22
99
09
A5
05
8A
21
42
12
A2
A6
86
6A
A4
10
8A
01
61
52
64
20
84
41
0A
99
45
10
00
29
65
94
65
02
AA
51
84
12
9A
6A
62
21
85
95
45
25
66
59
41
48
5A
06
55
99
A6
04
2A
61
98
42
80
49
85
98
1A
99
A4
48
28
15
64
69
A1
15
54
45
6A
54
61
95
14
21
01
A9
1A
60
45
96
4A
45
81
49
69
82
58
86
95
18
45
80
91
88
45
15
40
89
90
55
02
A1
65
41
62
62
86
61
16
69
04
44
AA
56
88
95
99
16
66
09
19
20
20
84
15
58
A8
42
2A
68
56
45
86
00
85
8A
42
14
81
A4
52
40
81
09
A0
62
5A
56
05
58
50
46
62
1A
99
58
66
1A
12
5A
9A
59
A6
41
6A
A9
28
59
89
A4
A5
02
05
A5
48
80
A6
80
A8
AA
84
04
A5
A4
50
50
51
22
A4
80
61
A5
66
9A
05
91
5A
81
82
05
55
A9
86
95
50
55
80
5A
A9
28
24
46
94
91
A2
A4
84
56
6A
99
90
96
92
46
65
04
59
56
49
52
46
16
8A
85
A0
52
88
95
61
01
54
A6
99
64
9A
56
55
5A
98
2A
00
26
29
15
A5
8A
61
5A
56
26
5A
19
A1
15
06
A9
49
11
11
02
AA
68
69
A2
4A
25
6A
A9
A2
29
A9
91
A8
45
1A
84
62
12
54
44
06
91
12
06
14
6A
29
21
56
49
98
68
08
6A
A9
9A
14
98
5A
A5
A2
66
A2
9A
59
19
9A
99
46
66
0A
96
84
A5
66
66
56
69
16
68
1A
A8
8A
29
56
21
A5
4A
45
65
29
A0
1A
59
02
46
59
44
45
95
54
09
45
91
4A
A1
AA
52
A1
99
46
91
05
A5
65
9A
95
86
5A
28
6A
A9
94
08
56
26
69
2A
66
24
21
68
65
A5
81
99
80
56
44
91
44
29
66
94
21
96
AA
99
12
95
26
69
10
9A
46
6A
42
1A
1A
54
48
A1
22
99
4A
11
42
8A
62
0A
91
21
25
9A
50
A5
A1
51
26
25
12
68
56
80
98
45
61
52
00
AA
89
65
A1
44
8A
19
50
59
88
02
A5
1A
85
46
05
16
10
16
96
21
45
98
A0
2A
12
46
28
60
A8
61
06
54
28
59
45
54
58
90
82
45
98
A9
2A
96
51
96
A8
15
65
29
16
9A
80
01
59
90
92
05
18
95
02
41
48
AA
65
42
16
86
15
91
15
06
04
0A
68
46
64
61
82
22
A5
64
64
A9
52
1A
A8
99
9A
61
56
86
19
2A
41
56
90
56
86
18
84
18
02
01
10
68
82
51
A9
89
09
02
61
04
A2
55
05
68
21
19
96
66
45
09
92
85
54
59
6A
05
8A
AA
A8
54
48
95
59
69
AA
A9
42
62
2A
46
66
29
16
82
50
A4
59
AA
0A
14
89
9A
5A
29
8A
49
28
59
A8
16
5A
52
95
55
A8
82
89
09
10
25
69
20
69
56
16
50
AA
A5
64
92
22
04
A4
61
AA
02
26
56
06
14
65
00
99
AA
56
4A
55
5A
42
94
95
59
66
92
A4
88
45
A5
94
50
90
49
46
86
18
A6
19
9A
95
48
96
A1
41
42
98
46
86
55
65
98
96
00
41
85
80
65
29
55
46
09
AA
8A
60
58
25
A0
9A
64
19
A4
91
9A
40
08
2A
52
A5
4A
26
26
41
6A
85
1A
99
96
A6
82
A4
8A
6A
66
4A
68
46
16
98
66
25
1A
85
99
48
98
0A
A5
65
81
1A
65
A4
44
2A
56
41
A0
AA
15
61
08
96
40
80
51
80
65
14
25
25
96
55
5A
58
45
A8
24
56
25
48
62
A1
5A
09
A6
54
99
02
18
8A
A0
99
69
86
9A
52
45
85
62
84
6A
86
62
18
66
69
A5
04
1A
65
A0
82
11
42
88
55
59
42
A5
49
A8
58
98
89
4A
86
91
58
46
94
60
09
46
29
19
A2
99
55
09
55
42
A2
0A
19
62
52
9A
42
A1
5A
4A
01
54
85
94
44
19
25
41
80
99
12
A8
62
05
25
82
88
92
44
54
01
A0
64
1A
A1
65
41
81
19
A4
8A
11
59
46
95
54
86
14
56
68
24
A4
A9
15
69
96
12
A2
A1
AA
45
21
84
11
A0
62
41
20
45
25
09
08
A2
14
AA
50
5A
0A
A4
00
25
8A
0A
94
A6
22
88
8A
6A
95
8A
00
A9
A8
09
90
4A
99
49
49
69
A4

