18
85
66
86
29
61
69
02
99
96
89
A9
52
94
56
99
29
62
60
1A
26
56
95
A5
99
A5
29
AA
96
50
61
54
60
66
96
69
08
52
20
59
11
AA
54
95
58
66
66
62
56
A9
69
94
92
05
66
2A
94
95
51
98
A1
11
2A
96
51
1A
A6
96
69
A5
10
51
A9
96
A8
6A
91
09
55
02
9A
6A
68
AA
86
54
68
42
24
14
59
4A
11
6A
42
16
A6
A1
8A
41
66
95
42
26
20
88
84
05
89
1A
22
55
1A
51
8A
8A
A5
29
A8
A9
59
99
00
55
AA
96
25
56
80
A8
96
86
8A
42
14
A1
49
29
99
45
50
65
1A
61
48
55
94
41
16
A2
4A
28
A1
94
AA
12
55
10
A6
61
8A
28
45
1A
45
AA
5A
A1
A9
65
96
62
45
05
12
4A
05
6A
4A
29
16
56
A4
24
18
28
6A
85
02
59
51
54
15
95
90
66
51
22
15
54
22
A9
26
2A
16
A2
9A
25
81
64
99
15
68
86
85
48
44
66
20
66
61
19
4A
49
12
8A
A6
21
29
9A
96
4A
A6
19
A5
8A
A9
00
91
60
91
68
05
21
4A
52
88
52
A2
9A
62
69
AA
15
A4
A6
A1
A1
6A
8A
25
64
15
9A
96
1A
09
42
69
92
9A
49
15
A9
55
60
92
68
48
91
22
91
55
A5
69
26
29
A9
95
04
44
96
A4
A9
A6
49
98
A5
91
08
05
81
90
92
AA
88
94
A2
48
65
A9
19
45
60
29
5A
9A
65
10
61
15
19
19
AA
46
A1
68
AA
58
09
85
20
A2
22
66
64
A5
98
58
50
1A
19
94
06
14
42
51
AA
11
46
65
1A
AA
5A
2A
62
96
11
19
08
80
A8
82
4A
5A
65
48
59
48
99
A2
11
64
98
5A
04
4A
15
4A
95
41
21
24
46
6A
A5
99
89
68
A9
65
56
21
56
60
41
64
58
42
52
54
A6
61
A5
09
66
28
45
69
21
52
95
25
16
99
AA
A8
25
65
98
A9
86
A6
98
8A
45
15
A9
1A
19
14
94
61
56
0A
19
56
52
68
48
5A
29
46
A5
A5
61
56
50
94
48
21
66
55
58
81
69
5A
66
19
8A
52
59
69
54
61
95
49
4A
51
15
91
95
6A
21
A9
9A
11
44
A9
61
59
6A
62
65
25
5A
90
99
82
06
58
66
54
90
8A
65
54
4A
82
69
A5
25
A6
86
0A
42
52
A6
44
55
2A
A5
95
AA
6A
9A
14
A0
62
A2
8A
45
65
5A
59
84
4A
44
A4
68
95
15
15
58
64
96
5A
A1
44
66
A5
60
85
94
52
65
0A
65
86
29
19
19
A9
92
0A
59
14
62
90
85
A8
A2
56
64
A9
9A
AA
44
69
99
59
16
85
4A
59
46
14
86
58
A5
10
01
1A
15
92
09
64
88
95
40
52
85
12
84
85
05
99
59
92
A9
56
99
21
41
65
96
4A
A2
48
44
86
9A
46
86
A1
25
2A
00
45
05
90
65
26
46
52
2A
69
22
40
95
91
25
58
82
6A
86
65
12
95
86
99
A0
A0
95
19
90
A4
99
16
6A
86
55
9A
29
59
90
49
06
A2
A5
05
48
50
22
65
96
A1
96
24
85
A5
6A
45
99
28
54
09
41
81
59
15
4A
9A
16
95
94
19
24
19
81
61
64
15
48
89
42
6A
0A
59
11
06
88
2A
81
41
25
4A
4A
5A
A1
61
42
14
A9
45
AA
50
45
66
62
5A
5A
81
6A
98
A9
95
81
19
52
81
9A
50
98
56
62
21
52
89
01
65
A1
8A
61
49
A9
99
81
56
AA
69
26
A1
52
50
5A
66
01
65
66
11
82
52
52
61
09
89
11
11
58
56
94
98
46
48
92
99
66
5A
12
91
61
88
21
56
0A
92
58
65
26
55
A9
9A
18
58
A6
82
69
2A
A4
59
61
89
65
56
21
40
68
29
89
68
91
98
55
69
59
46
11
88
8A
94
A1
86
65
62
18
66
44
14
6A
AA
25
06
5A
64
15
45
84
81
09
45
5A
9A
61
54
51
22
A1
64
40
85
A6
A6
60
90
25
4A
96
26
AA
51
6A
15
6A
A6
55
11
85
09
11
2A
68
09
86
21
64
86
56
48
60
A8
08
A4
99
9A
96
1A
42
81
10
64
A5
69
29
9A
45
69
55
86
6A
A2
60
8A
51
15
5A
69
58
A5
50
AA
42
01
55
90
29
61
55
98
56
94
6A
89
6A
95
10
9A
56
06
15
08
A9
24
11
49
28
5A
A9
18
65
56
86
9A
9A
98
22
16
89
56
66
02
10
69
19
A8
06
05
66
94
60
44
2A
16
50
14
19
49
A2
99
82
84
66
6A
15
86
6A
19
44
85
5A
60
92
01
21
A9
15
55
68
52
54
54
20
29
69
A9
28
A9
11
26
61
21
56
98
46
65
22
98
66
A8
6A
8A
56
51
0A
68
85
56
00
26
59
61
2A
09
5A
80
6A
A9
96
5A
96
80
A1
86
25
24
44
59
8A
A9
81
51
90
65
12
98
22
49
50
46
62
89
94
98
91
65
5A
52
AA
81
52
55
22
A8
60
86
A6
16
48
18
62
49
95
A8
69
A5
A1
51
5A
5A
64
6A
52
A1
18
59
64
69
A5
55
92
60
05
59
A9
15
96
22
9A
98
68
18
19
A4
56
12
A2
45
56
06
96
28
81
19
66
49
14
45
95
09
02
22
66
06
09
60
52
95
A9
11
8A
A6
49
26
45
96
9A
18
1A
92
66
99
86
6A
45
66
69
16
89
66
62
1A
49
20
69
66
61
69
9A
19
64
59
49
66
99
95
69
66
65
54
24
66
5A
A5
55
0A
41
A4
16
56
18
15
2A
19
A9
99
62
08
5A
42
9A
A5
56
24
82
A1
95
54
41
64
29
15
28
99
44
95
29
06
95
65
55
A1
9A
14
14
04
A4
29
04
56
2A
92
59
96
85
A5
64
90
49
59
02
69
00
20
41
26
06
46
A8
44
49
01
A0
14
9A
92
15
41
20
05
98
49
04
81
11
18
55
65
62
61
14
86
91
94
68
92
84
48
25
A0
99
1A
91
5A
A6
4A
A6
56
10
11
69
09
06
19
50
04
95
50
6A
66
94
A6
56
45
52
94
1A
16
56
04
A2
AA
61
1A
A9
8A
02
91
92
81
05
81
48
69
90
20
99
1A
48
56
55
99
A2
86
55
5A
42
99
60
62
1A
10
55
A1
15
41
24
94
16
45
60
65
A9
26
25
12
42
90
62
94
24
80
64
91
92
40
94
89
19
44
61
02
41
58
A4
A6
40
84
46
25
84
15
4A
82
A4
28
A0
21
89
88
6A
41
12
09
91
62
18
64
A8
51
99
66
04
94
96
14
A4
60
5A
A6
95
90
8A
46
18
89
28
52
49
00
2A
29
92
4A
95
45
64
82
A9
42
50
96
AA
85
A2
92
26
00
98
05
A4
25
58
18
95
A5
A9
62
99
99
11
94
80
21
69
04
16
41
44
A8
62
2A
95
10
A2
82
A5
85
18
16
6A
95
40
06
91
2A
41
8A
69
15
50
25
11
9A
65
01
45
66
86
06
60
A5
A9
18
85
08
96
AA
68
96
65
15
62
25
A8
94
A9
42
A8
A8
49
0A
40
92
A5
15
82
5A
59
96
56
28
52
51
A2
95
56
A4
94
49
A5
66
1A
12
10
68
95
51
A9
50
05
01
95
58
51
46
48
99
25
44
20
81
64
19
12
15
82
5A
81
9A
25
09
20
29
24
69
2A
68
15
94
85
04
6A
65
A6
68
A5
00
A1
12
A8
26
62
62
19
86
85
5A
85
88
A4
96
62
61
85
8A
02
95
16
42
1A
64
45
0A
06
52
A1
A8
48
50
48
8A
68
80
52
96
A6
29
5A
61
51
15
11
A2
A4
81
00
19
55
01
56
88
41
8A
99
82
49
A8
64
50
21
68
91
A0
02
9A
18
9A
80
56
6A
52
0A
96
50
02
24
06
A8
95
00
49
9A
21
2A
15
55
96
A9
82
61
A6
84
00
99
20
65
48
22
89
92
56
A4
09
15
50
05
62
91
58
0A
51
10
11
59
8A
12
91
62
1A
50
22
A6
82
6A
22
89
52
AA
65
05
A0
12
84
09
98
61
54
A9
14
A0
01
84
A4
40
28
95
11
2A
62
90
59
A4
95
66
96
50
58
A4
54
96
85
42
5A
62
1A
81
60
61
A0
00
61
89
60
9A
08
48
A5
90
08
89
12
66
A8
54
08
86
22
11
96
85
91
46
90
50
59
18
98
21
46
64
68
28
96
98
A9
25
92
26
55
00
A1
52
84
45
58
05
16
58
02
A8
05
2A
02
06
89
A8
A6
12
62
51
05
40
59
52
56
65
29
A4
19
95
89
99
51
95
01
96
00
45
58
42
82
18
42
A1
81
20
84
50
51
12
A2
99
6A
A6
A6
A9
99
84
62
49
96
66
5A
24
A5
56
59
55
06
00
15
94
86
24
02
29
A5
A4
96
51
59
62
58
66
55
45
9A
06
A6
11
A4
12
A5
91
15
90
61
69
24
82
59
95
A6
01
8A
0A
86
49
91
26
02
24
98
55
90
55
9A
96
91
80
04
A6
04
A4
60
50
1A
92
49
26
21
A1
44
1A
25
40
60
84
05
A8
05
15
59
28
55
0A
29
69
24
64
A2
15
2A
81
16
99
A4
65
94
69
95
A6
52
19
50
10
10
68
69
A0
58
24
14
59
59
68
4A
60
66
69
60
0A
AA
18
9A
86
59
94
04
58
61
45
A6
20
5A
56
86
A4
85
05
40
A4
4A
14
99
18
82
2A
11
48
65
99
40
42
12
4A
1A
0A
88
2A
69
05
11
52
02
89
92
95
20
51
50
A2
89
9A
5A
A4
9A
44
9A
58
56
A6
52
49
29
98
25
A1
2A
50
50
15
6A
8A
41
A8
06
42
26
46
AA
00
91
68
09
59
A1
88
01
64
06
54
91
55
99
AA
A6
4A
18
18
95
52
A6
4A
8A
01
44
09
94
51
62
61
85
45
28
A5
2A
A6
2A
96
29
A6
96
06
50
A9
12
A1
95
6A
50
62
49
22
62
10
8A
66
AA
61
5A
AA
66
02
82
16
59
95
95
A0
02
66
68
69
82
85
91
59
46
05
98
68
A0
45
59
A6
86
10
04
04
01
2A
00
21
A8
15
66
A6
51
55
18
5A
88
92
AA
16
56
02
04
A5
5A
29
A0
56
5A
89
22
14
8A
55
46
08
41
56
44
22
5A
4A
A1
82
69
41
98
14
11
84
15
90
45
10
09
21
92
04
15
56
0A
09
66
45
6A
20
40
26
92
94
A0
49
A4
8A
82
9A
A6
26
52
A4
04
85
16
24
85
21
81
0A
40
84
85
41
49
96
5A
A5
42
2A
19
5A
52
68
9A
81
6A
06
99
1A
61
16
5A
08
0A
91
A5
01
59
22
46
A6
1A
A0
58
19
A2
A0
99
46
64
49
40
6A
9A
A9
5A
98
85
42
68
4A
86
4A
64
11
11
59
16
62
52
91
A5
A6
44
68
58
A5
AA
A1
49
41
55
45
A9
A5
56
65
88
A2
48
21
28
94
80
92
18
28
94
1A

