49
45
A9
29
61
9A
91
A2
24
65
46
59
A6
62
56
26
54
66
14
54
46
80
56
55
56
00
95
6A
88
0A
66
56
26
91
14
96
11
15
A2
80
52
6A
25
A8
05
99
62
68
0A
A5
1A
92
58
48
66
9A
A2
95
A0
66
90
22
91
95
12
A6
A6
A4
20
48
12
5A
AA
99
61
06
9A
4A
62
02
58
50
6A
6A
46
64
4A
A6
84
19
66
9A
A2
05
A2
88
A5
08
4A
6A
25
14
2A
89
92
59
10
42
A8
0A
51
46
9A
54
56
66
95
62
55
52
90
A2
65
9A
6A
A8
AA
95
1A
96
64
06
11
55
A5
AA
82
26
90
55
21
59
58
5A
94
A0
A6
4A
29
A4
65
85
42
96
05
A6
A9
64
9A
18
68
1A
96
21
91
5A
60
61
10
AA
29
4A
A6
18
05
62
40
89
88
84
60
21
2A
95
06
65
89
95
98
16
26
62
49
02
19
96
56
98
62
04
54
56
29
5A
40
51
55
91
29
98
62
28
A5
A0
56
4A
A2
65
88
59
45
98
60
A4
01
24
99
1A
55
A4
08
01
0A
62
9A
98
81
24
6A
95
5A
25
A8
A4
02
92
49
85
90
91
4A
41
28
45
46
84
A9
29
58
29
51
15
28
28
66
8A
92
A2
16
0A
68
A0
59
65
06
49
84
96
95
A2
1A
65
A1
52
88
09
AA
A9
6A
86
A5
66
89
22
95
2A
94
21
26
85
A8
59
89
88
08
25
A5
11
8A
19
AA
99
94
68
00
A5
89
2A
20
86
91
55
96
42
A6
28
22
52
16
9A
56
69
95
19
69
28
06
55
1A
25
12
49
80
42
25
A6
65
20
41
90
61
19
AA
49
90
98
16
52
69
69
02
98
90
62
A0
41
89
88
45
92
94
22
AA
61
98
50
51
42
08
15
41
2A
59
AA
95
99
45
16
69
29
49
86
82
0A
55
52
A6
55
19
91
00
62
45
24
02
86
51
18
9A
65
1A
08
18
99
68
6A
68
29
56
A1
04
86
96
86
61
69
21
68
90
09
68
65
69
82
54
96
15
52
56
65
6A
96
28
95
A9
91
50
A9
14
8A
46
46
25
82
6A
95
0A
96
28
A2
2A
80
90
68
44
90
56
19
69
92
11
24
51
14
A6
95
AA
69
95
A5
98
04
2A
58
59
11
65
25
AA
A5
64
AA
21
A6
60
4A
62
16
4A
84
59
24
55
28
58
26
92
62
66
A2
45
60
68
88
44
95
20
68
25
61
A1
44
A9
96
62
89
65
A2
29
68
5A
98
99
61
60
25
46
2A
A6
99
5A
6A
25
A5
6A
64
61
55
95
98
A1
98
19
46
95
9A
24
A8
85
54
1A
86
21
A4
A0
54
A5
16
42
9A
29
65
A8
55
41
20
88
A6
19
1A
05
62
69
54
AA
A8
58
69
A4
45
58
AA
A6
56
92
55
1A
25
62
92
56
89
18
06
1A
21
19
14
55
51
A2
58
61
12
15
42
22
89
85
56
42
59
56
64
5A
AA
09
95
55
AA
A5
68
85
01
40
91
06
19
9A
09
65
1A
56
4A
A0
46
A9
98
68
49
A9
60
8A
41
28
55
96
4A
90
0A
26
96
A4
12
28
6A
94
05
4A
20
A5
51
89
A5
A9
11
11
85
82
81
11
45
56
25
86
50
9A
49
25
45
66
26
91
89
99
9A
90
96
59
86
99
55
A6
24
91
4A
65
65
14
62
20
AA
41
A9
A4
45
69
95
0A
59
66
99
96
16
50
51
A6
65
54
A5
4A
92
96
16
68
16
26
44
95
96
14
95
A6
66
04
21
45
69
80
48
25
A8
2A
46
AA
69
02
4A
58
61
18
24
80
1A
1A
24
05
45
A4
59
A4
A5
14
0A
28
46
86
98
61
12
62
06
40
A5
11
58
58
1A
94
68
89
55
9A
55
21
A2
91
95
80
49
50
4A
22
89
56
4A
15
1A
6A
22
A0
14
22
95
49
A5
58
18
5A
50
95
6A
1A
56
81
58
96
A4
2A
4A
24
58
64
82
A0
61
9A
25
46
A5
9A
26
55
64
82
42
98
49
98
55
92
4A
04
65
21
45
48
56
51
85
49
12
A0
A8
89
68
21
A6
99
05
64
91
22
65
61
A8
46
95
52
16
68
51
A2
A5
09
19
8A
AA
1A
56
66
16
48
46
24
91
5A
05
A6
54
94
A9
1A
25
41
AA
0A
54
64
99
15
64
68
66
59
51
0A
52
A4
45
2A
21
22
AA
95
5A
99
A4
62
05
14
55
95
16
A1
5A
95
48
26
26
15
91
89
A9
18
09
A9
A1
16
95
A4
60
45
58
85
A5
A6
29
28
65
85
69
52
21
94
91
89
1A
A9
68
99
48
95
65
60
12
40
95
81
A9
99
18
98
59
AA
55
14
09
9A
69
9A
50
42
58
06
55
66
26
19
2A
A1
A0
2A
50
0A
55
2A
A5
4A
52
48
25
2A
12
A9
A8
19
64
25
82
96
56
54
92
65
A6
62
69
05
61
50
26
A4
91
A0
AA
9A
86
A9
65
94
26
A4
56
11
20
59
09
A1
96
81
0A
AA
A2
85
44
81
AA
59
98
96
AA
65
59
46
15
A6
19
9A
68
55
05
50
55
8A
AA
90
12
94
9A
55
85
86
A5
92
A1
A4
25
01
96
99
06
A8
99
A8
89
92
56
A9
A2
A0
81
58
0A
85
09
AA
85
19
66
45
1A
95
28
6A
50
A8
60
89
AA
55
42
95
94
55
96
15
01
92
41
91
85
22
82
90
89
98
24
64
14
85
99
15
48
96
58
44
91
91
19
99
59
09
9A
42
41
52
9A
6A
95
14
5A
42
89
66
18
86
A4
51
52
52
A9
64
15
A9
A5
20
15
12
52
59
85
46
4A
55
A4
55
49
59
96
66
44
59
85
45
90
51
68
A9
A1
10
80
54
52
94
42
6A
1A
6A
48
44
68
62
29
1A
09
42
56
00
90
99
6A
95
98
52
A6
41
84
9A
A9
60
86
48
42
2A
46
06
84
29
A5
85
5A
99
00
22
94
51
58
A6
65
68
0A
60
4A
41
56
4A
49
9A
58
11
20
91
59
99
66
29
26
AA
4A
06
A6
99
94
A2
06
46
15
22
99
10
58
29
95
05
65
42
65
94
91
21
54
94
15
92
04
25
05
A0
1A
1A
A9
66
69
29
09
84
A0
21
A6
A6
51
80
24
02
62
08
92
50
45
A2
58
28
A6
16
40
52
98
6A
A9
66
6A
68
81
A1
62
25
80
59
4A
62
A4
65
46
4A
A1
04
09
82
65
61
96
A5
15
29
9A
91
6A
5A
46
82
9A
48
A0
49
04
41
25
48
60
98
89
15
04
89
2A
51
89
66
50
A9
01
A4
91
A4
65
82
54
A4
98
5A
84
AA
91
02
0A
55
40
A4
09
45
16
49
19
92
80
68
A9
91
49
09
48
52
51
12
49
56
A0
4A
5A
5A
89
49
80
10
62
10
92
46
52
96
48
19
A1
A2
94
44
92
45
52
59
04
8A
56
A4
9A
AA
46
95
68
50
84
2A
51
9A
88
6A
05
55
A5
02
66
95
A6
96
85
58
48
09
95
AA
5A
55
14
AA
4A
44
05
49
55
26
25
60
06
A4
9A
44
19
14
16
95
A1
02
62
50
92
66
92
65
09
95
95
86
A5
19
A5
81
A5
92
19
98
61
80
6A
4A
08
A4
86
49
11
88
64
9A
02
A9
8A
69
89
22
1A
A6
26
A0
A6
91
28
A2
45
10
41
94
56
10
A6
2A
45
60
59
61
6A
42
40
14
21
0A
85
A0
66
52
02
48
92
5A
09
06
29
11
04
5A
98
20
6A
28
09
42
04
92
A0
AA
16
00
59
84
22
91
90
52
06
A5
85
46
19
84
01
A0
29
5A
49
21
69
10
82
02
85
A5
49
25
A4
12
4A
24
A5
98
21
A5
6A
00
52
05
64
95
60
59
08
00
1A
11
21
18
46
62
00
86
05
28
42
45
59
21
65
26
9A
24
81
4A
60
60
96
62
84
19
12
16
81
A6
61
5A
28
65
08
82
16
48
18
21
48
08
5A
01
1A
54
59
95
59
82
52
11
21
6A
A8
55
41
22
00
95
11
2A
16
09
A5
95
12
49
92
02
A9
10
59
58
51
2A
69
A0
95
86
16
58
85
29
02
A8
22
A1
46
95
68
44
11
94
A4
94
16
68
69
91
A9
05
15
1A
92
A4
99
02
91
95
98
89
04
21
11
12
19
25
82
48
14
44
98
05
6A
58
02
52
85
09
11
0A
A2
60
51
60
12
06
56
12
95
99
59
40
4A
16
A0
0A
14
81
91
A6
0A
15
42
68
69
69
42
46
19
86
54
25
A1
64
64
19
A9
A6
08
82
40
69
40
68
91
29
66
A6
A0
16
02
59
11
20
25
09
10
62
22
81
11
24
AA
50
11
06
84
59
50
52
A5
1A
01
45
51
94
26
86
A0
49
66
60
22
22
95
42
95
58
00
55
A2
08
11
24
A9
94
55
95
49
19
68
58
01
1A
61
26
28
96
49
26
1A
18
66
A6
A0
61
18
45
59
09
A8
28
88
84
05
9A
95
95
66
06
AA
25
A6
2A
49
A8
85
49
51
26
24
69
14
96
69
5A
25
0A
69
10
AA
56
AA
20
A6
95
28
95
96
A0
16
82
01
40
24
64
80
52
41
99
62
51
0A
12
22
59
25
60
29
A5
58
40
42
26
85
95
94
A4
54
51
16
19
99
A2
6A
A2
48
61
0A
16
2A
58
69
25
24
60
4A
22
65
52
56
42
56
A8
95
19
55
08
16
55
9A
0A
58
4A
29
29
64
AA
09
61
A9
86
51
04
12
90
55
02
6A
9A
26
95
55
86
88
64
56
96
64
46
0A
40
86
95
89
0A
04
55
A6
A4
AA
19
5A
82
A0
85
96
1A
64
A2
24
A5
25
20
48
10
40
25
01
8A
25
08
04
00
10
94
69
01
98
48
25
52
86
65
99
18
69
40
5A
86
19
10
66
15
4A
49
00
8A
89
89
40
54
91
41
24
88
89
06
02
05
2A
26
0A
A2
56
56
84
26
24
2A
01
96
5A
09
56
86
54
12
84
18
A2
85
A6
29
62
21
60
19
55
61
26
A6
A4
09
54
52
AA
A8
6A
41
8A
12
94
61
05
49
29
A1
82
A5
02
9A
69
AA
49
29
58
2A
99
46
61
66
94
8A
55
25
56
22
05
9A
95
85
A6
82
A6
19
56
49
88
64
09
98
44
64
61
96
A8
A9
41
40
49
25
52
46
4A
5A
86
A9
64
9A
49
92
AA
56
4A
42
49
A8
24
22
98
A8
41
50
22
94
50
4A
91
56
04
A9
69
15
AA
A5
12
14
19
A6
4A
62
90
A5
A1
14
A8
94
85
94
00
09
69
50
A2
25
50
00
2A
0A
65
66
A4
20
22
81
05
A0
68
49
44
52
55
55
A6
05
44
52
52
49
9A
29
A9
81
61
54
96
25
5A
89
26
02
61
09
10
92
92
52
06
16
54
A5
41
2A
88
2A
80
1A
62
22
A5
05
51
58
09
6A
5A
21
88
56
82
88
95
25
A8
5A
00
AA
A1
24
55
6A
68
16
55
AA
8A

