00
11
46
00
42
9A
56
89
88
8A
44
04
42
29
88
65
69
89
89
60
4A
29
60
A6
A0
08
A9
4A
54
66
88
45
91
04
26
96
A4
86
49
95
94
04
56
28
29
25
09
95
5A
85
40
15
25
59
85
69
00
29
6A
5A
86
54
09
61
66
11
1A
22
10
15
80
98
52
01
22
82
A9
58
54
26
95
20
68
98
19
49
04
48
96
A4
60
90
26
52
46
89
58
06
85
25
54
49
15
48
06
18
84
61
94
04
18
60
91
46
68
A0
90
51
96
66
41
15
80
56
49
91
16
25
4A
92
89
96
96
A4
AA
9A
49
5A
88
92
45
14
10
49
0A
44
58
98
95
A0
41
1A
A1
14
98
22
A2
66
66
84
45
59
96
29
91
61
A4
A8
6A
A8
5A
A9
91
65
42
18
08
2A
15
82
A8
29
95
84
48
1A
0A
56
15
54
69
96
60
15
94
15
40
48
04
12
69
50
65
64
84
42
1A
02
81
1A
A8
58
84
A8
00
85
44
81
95
A5
15
24
41
49
29
06
88
25
10
52
98
25
00
6A
98
69
20
85
66
20
41
00
06
66
4A
96
68
A5
A1
A5
61
01
09
52
4A
42
06
84
50
04
24
98
46
45
98
84
52
88
20
98
88
56
10
10
96
4A
A5
A4
86
18
84
00
10
86
80
24
60
A1
44
4A
25
A6
A4
68
40
92
24
02
45
02
05
66
05
19
5A
10
28
9A
04
A1
40
60
A1
89
99
28
49
A8
01
88
A8
00
0A
94
A5
65
98
A5
86
66
05
84
50
64
0A
24
60
2A
00
65
41
88
A5
64
04
81
69
14
45
69
24
95
59
05
26
99
54
69
48
91
4A
49
82
14
AA
48
69
49
84
41
80
A9
84
14
56
14
28
14
04
49
24
29
68
54
2A
65
18
69
A4
A1
65
80
50
05
50
10
69
91
52
02
4A
A1
5A
00
A4
52
A9
98
92
A9
81
A9
66
69
15
5A
9A
56
56
96
14
54
60
52
56
6A
56
25
46
6A
A9
12
29
16
69
11
1A
90
44
AA
5A
24
A8
50
4A
0A
A0
65
09
49
A1
96
16
09
28
56
59
21
5A
06
6A
91
48
40
60
65
AA
A8
56
69
12
A9
52
29
61
98
21
A9
29
A1
62
56
16
05
56
6A
52
2A
1A
52
90
A2
51
92
A8
09
56
9A
A8
18
15
82
61
AA
59
59
26
96
A1
8A
98
54
8A
A9
8A
12
86
58
81
69
68
9A
A9
54
12
52
60
A9
56
92
69
29
16
41
21
25
92
18
92
19
A0
A4
19
11
95
69
95
25
99
08
91
A5
A9
89
A9
0A
91
51
0A
99
66
65
92
56
A9
A9
56
16
9A
25
A9
65
68
56
A9
56
29
96
95
1A
64
21
19
44
24
14
01
04
24
A0
29
69
52
06
25
69
19
80
1A
99
81
58
81
18
25
65
09
00
A1
42
A4
52
16
14
A6
41
10
40
46
15
29
15
21
68
52
20
14
29
68
21
20
81
92
0A
92
A4
02
42
A9
24
91
09
11
18
98
1A
81
21
66
16
64
82
12
48
12
95
42
94
56
29
50
92
52
96
10
69
58
02
01
92
89
01
96
65
A1
14
9A
60
69
96
52
99
A9
82
28
92
82
58
49
29
09
46
6A
50
A9
92
28
81
A5
6A
AA
54
66
46
09
59
56
56
65
A5
A9
08
56
91
96
A1
A5
A5
A9
10
1A
01
61
1A
95
45
40
85
5A
66
A0
68
56
81
15
A8
61
08
89
0A
28
8A
19
A9
16
89
95
18
90
50
10
69
92
A9
46
A1
94
96
25
96
98
1A
56
A5
52
29
69
5A
62
A1
80
64
21
40
00
45
05
1A
A0
15
24
92
4A
95
6A
42
69
65
48
12
09
80
82
40
94
61
A0
06
9A
82
2A
88
A9
AA
9A
89
56
A9
A9
A6
96
41
95
A8
55
92
61
99
52
99
90
51
9A
54
98
09
42
88
60
15
45
44
80
A2
59
68
45
A5
04
89
55
10
A9
86
56
86
09
95
A1
46
55
61
88
56
A9
44
AA
59
40
A9
45
62
29
20
55
8A
A2
A6
0A
51
A6
65
A9
44
25
92
AA
42
44
42
68
5A
59
90
A2
41
24
92
95
55
65
1A
4A
08
68
A6
65
16
40
A2
19
09
50
85
52
46
26
8A
9A
6A
51
59
A8
86
59
11
AA
A8
25
85
A6
16
9A
66
6A
94
52
28
92
59
86
49
A9
66
4A
95
52
65
8A
90
25
65
96
94
A6
64
A8
89
64
45
A0
A2
69
6A
65
88
99
8A
45
A8
55
1A
AA
10
81
61
06
88
52
98
24
21
A0
65
20
16
94
10
49
0A
46
49
A6
18
64
18
04
86
9A
04
00
00
52
06
05
98
82
AA
14
61
54
49
81
44
50
A8
52
04
82
09
22
44
44
81
00
48
99
20
94
69
08
49
5A
01
62
A0
80
AA
50
1A
25
80
19
90
24
56
48
12
50
A0
25
9A
88
45
92
81
A9
26
8A
18
82
01
82
2A
64
09
2A
26
54
94
2A
45
58
11
86
08
52
6A
28
A6
24
A8
95
59
46
0A
A6
94
25
A5
09
A1
92
29
58
62
25
90
99
25
2A
A8
66
59
41
94
AA
44
A1
55
6A
66
58
4A
56
11
10
06
41
08
99
42
68
85
A1
A9
10
15
1A
06
1A
65
95
1A
80
64
40
99
54
52
A9
86
66
44
0A
55
98
96
90
55
8A
04
9A
89
16
68
AA
26
A5
45
45
A8
41
49
A4
90
29
21
2A
AA
91
98
14
55
88
58
82
A8
51
65
02
6A
10
51
11
A6
21
8A
84
4A
90
66
52
05
A6
84
80
55
86
95
AA
95
14
4A
15
8A
6A
11
58
55
19
06
90
52
94
08
01
61
A2
49
61
65
99
94
12
99
90
15
81
82
5A
86
11
16
9A
66
8A
6A
88
A0
4A
A6
14
68
51
41
85
68
9A
48
95
91
61
94
49
09
48
6A
09
96
4A
66
95
20
2A
A0
06
8A
28
45
15
05
5A
99
21
26
61
16
54
60
29
9A
A6
A5
19
22
A6
94
64
69
4A
94
61
56
96
1A
68
AA
80
96
59
96
A2
05
29
61
95
96
29
42
62
19
65
59
11
14
98
A6
61
26
81
2A
96
18
26
15
52
64
46
59
46
62
99
A8
09
A4
A4
40
A8
29
94
91
68
42
85
86
AA
A9
49
25
95
94
4A
86
59
91
A5
90
00
40
09
21
40
85
22
48
A6
0A
98
40
69
09
22
94
8A
A0
04
10
19
16
94
06
86
95
5A
41
49
14
20
11
05
85
29
68
48
94
A1
06
12
25
55
58
25
18
99
42
22
24
62
21
00
00
19
8A
84
21
0A
41
60
92
29
A4
51
90
92
06
11
12
98
54
28
86
02
85
21
99
26
68
88
89
86
25
96
58
05
68
24
94
56
00
96
91
44
18
90
60
99
61
54
98
99
94
81
68
6A
90
A4
82
21
65
A8
A6
49
1A
41
45
54
1A
5A
50
A8
66
28
94
A5
95
59
6A
5A
15
46
65
44
59
29
05
40
95
20
58
19
66
20
09
18
95
40
52
02
16
41
80
52
89
91
15
95
28
95
A4
10
52
95
80
50
66
A1
66
52
01
95
25
94
49
95
25
19
96
AA
45
95
68
56
6A
21
90
89
40
85
01
AA
51
09
69
05
21
10
86
58
49
0A
18
00
69
99
51
90
55
92
65
95
5A
A5
51
66
51
9A
98
91
A6
24
21
A0
A0
51
22
A1
55
A5
49
66
22
49
A5
42
82
41
A1
0A
40
A9
64
60
0A
90
99
94
85
61
9A
69
25
69
2A
96
6A
5A
65
A5
65
10
90
68
96
16
24
64
5A
18
4A
25
58
66
52
84
48
58
A0
12
58
6A
5A
5A
A6
A2
22
A5
5A
10
18
84
54
16
99
69
05
49
90
84
05
59
08
09
5A
59
86
A6
64
90
A9
5A
99
12
10
69
08
58
A5
A5
26
69
54
52
A9
59
A4
85
A5
59
1A
A9
66
52
50
24
29
22
69
A2
A5
64
65
89
52
99
41
A9
45
29
95
69
56
85
90
51
59
64
5A
08
52
22
42
42
4A
29
A0
4A
5A
A4
24
6A
59
59
A5
65
A5
18
A6
1A
81
A9
14
00
48
90
59
0A
65
44
44
A4
48
A8
18
18
A1
98
60
A0
5A
A4
10
59
1A
82
A5
26
A5
59
50
58
64
4A
A4
81
A1
68
18
09
84
90
45
46
00
61
12
94
0A
21
16
12
52
4A
1A
28
A4
54
49
80
54
20
44
A0
82
02
51
18
24
85
64
08
A5
44
88
25
80
14
25
50
29
20
58
A5
A9
25
01
A1
42
08
80
18
04
5A
80
10
4A
85
11
86
49
22
55
80
A6
52
40
28
8A
01
69
09
58
5A
86
59
69
1A
4A
19
A0
9A
56
4A
61
26
60
09
04
25
A0
4A
59
1A
4A
A9
4A
A5
58
59
4A
18
A5
95
42
68
04
A6
0A
A5
21
85
40
12
A1
96
24
19
88
A6
99
05
95
69
52
48
65
A6
52
A5
65
99
A5
99
5A
A6
5A
A6
0A
A8
A5
24
85
12
54
26
5A
25
59
69
85
88
11
0A
10
15
85
85
A9
48
02
12
09
86
48
8A
86
28
55
12
A9
A6
01
84
9A
88
65
90
62
22
A4
9A
66
16
48
48
5A
44
49
AA
9A
68
AA
6A
A0
65
95
86
88
94
65
8A
62
69
64
15
19
28
44
84
56
68
5A
26
40
A4
68
21
91
48
4A
20
AA
11
54
82
42
85
95
21
5A
80
14
02
15
61
21
99
85
09
92
96
5A
84
85
11
06
55
08
1A
6A
46
64
26
41
82
22
A5
99
54
91
69
50
28
98
96
09
A0
25
A0
48
6A
10
24
96
04
88
24
52
28
55
16
A8
6A
81
A5
A0
A6
95
A6
09
48
6A
86
65
4A
6A
04
05
88
19
A5
21
1A
62
01
10
98
26
96
61
50
5A
11
84
46
60
A4
61
66
A6
52
A6
21
46
95
90
8A
20
90
1A
84
82
69
60
26
A4
64
99
42
9A
16
46
16
68
41
98
88
02
A1
00
02
82
4A
25
4A
25
49
24
0A
46
04
05
11
81
12
29
95
A5
46
40
58
14
10
80
24
82
00
42
0A
4A
22
A8
A2
A0
21
0A
84
40
A2
81
02
21
A9
40
04
02
82
00
82
80
A1
65
08
A9
16
24
02
58
58
09
84
41
15
42
01
26
01
26
A0
50
81
42
64
52
00
02
5A
00
60
29
6A
A4
28
91
60
00
02
64
24
0A
A9
66
4A
02
52
21
24
55
84
64
05
8A
96
92
68
A2
61
12
21
5A
62
6A
82
26
95
62
11
94
92
98
A2
58
29
59
56
15
45
85
98
A0
18
A1
90
80
A2
14
56
41
94
25
42
50
19
58
A0
A1
A2
88
25
52
5A
92
52
21
25
60
24
A5
50
1A
6A
60
95
65
68
88
86
86
08
89
5A
40
1A
05
49
6A
90
A8
55
84
91
8A
95
51

