9A
A8
AA
64
4A
05
56
51
A6
29
41
99
15
A9
56
A5
44
06
20
10
1A
91
41
24
6A
44
45
5A
66
95
A5
29
54
60
61
16
6A
69
92
99
54
A6
21
46
84
49
61
1A
8A
95
54
40
19
95
A1
08
86
98
95
2A
AA
69
8A
55
28
29
A5
AA
26
06
48
28
95
4A
12
99
64
2A
A9
5A
2A
99
66
16
19
65
25
A2
11
84
65
15
5A
25
08
44
05
26
59
A5
A4
46
5A
24
96
65
88
66
64
21
A4
95
40
22
18
9A
8A
61
1A
54
15
4A
A9
49
24
29
A9
2A
AA
A0
95
51
82
59
16
A6
62
55
58
55
20
44
99
A9
6A
02
80
95
9A
59
8A
61
A0
A2
24
66
92
16
65
A5
66
55
54
89
69
42
81
46
86
A6
16
45
45
64
59
41
19
A4
4A
5A
A8
29
55
48
56
65
A9
91
94
88
62
55
45
94
A6
9A
24
95
19
A5
22
5A
A1
90
42
68
95
40
55
5A
89
29
A6
26
69
98
26
A5
58
66
01
29
A9
66
04
15
A4
96
4A
46
94
40
4A
60
09
65
64
28
92
92
88
64
19
81
A2
54
46
56
92
96
0A
88
A6
8A
11
05
50
45
04
9A
69
A9
21
A1
A1
49
18
89
65
62
04
45
9A
69
A8
9A
84
11
99
45
22
0A
5A
A6
99
60
AA
A8
45
89
2A
26
61
59
89
58
42
6A
48
A9
92
15
20
94
29
86
28
16
04
2A
66
16
14
68
1A
40
05
61
24
29
96
14
59
64
54
88
88
85
A9
62
41
16
A2
61
02
48
45
19
05
66
8A
68
28
08
25
25
14
11
21
48
52
86
65
66
99
92
55
A0
64
18
A0
0A
61
A9
88
12
88
81
04
29
81
A1
A0
16
14
A2
95
62
06
64
98
90
21
A2
24
86
A1
14
68
2A
04
29
64
69
AA
45
02
84
A5
68
56
A2
86
16
9A
4A
8A
06
91
86
14
AA
88
21
85
4A
25
96
86
66
06
55
62
64
94
06
04
92
A8
A8
4A
24
48
14
21
A4
94
66
26
15
A0
61
9A
11
40
19
99
19
2A
5A
16
99
29
1A
19
59
61
20
18
26
19
29
44
19
60
6A
88
52
62
46
A9
95
62
16
A4
96
90
11
55
58
64
66
52
5A
06
54
20
49
62
4A
59
99
48
41
26
06
89
55
AA
A9
9A
09
14
65
01
8A
96
89
A1
51
88
6A
A9
86
09
A6
42
A5
88
8A
2A
56
62
86
66
5A
5A
15
AA
98
22
54
14
A0
A9
6A
69
A2
09
9A
69
61
AA
84
26
4A
81
64
08
51
19
14
16
89
9A
66
85
95
68
18
16
99
92
0A
A2
95
41
59
5A
A5
A5
29
94
9A
25
96
90
AA
6A
A8
55
19
11
49
AA
A1
22
46
A2
91
9A
9A
AA
29
9A
80
46
58
58
60
26
90
8A
42
54
56
04
9A
A9
28
62
96
A6
26
26
66
61
29
4A
5A
66
92
81
A5
80
66
29
54
59
85
89
4A
08
91
A8
9A
A0
6A
4A
96
04
49
54
80
55
A4
54
85
65
55
66
86
69
85
96
6A
02
25
59
A5
56
91
94
59
60
19
01
15
29
82
00
8A
98
02
6A
9A
91
98
A6
28
49
51
04
66
66
11
68
09
99
05
A6
04
95
08
55
06
0A
69
A6
A0
24
0A
A1
84
85
92
A9
40
96
94
65
68
98
64
91
88
9A
19
41
60
A8
A9
6A
A1
69
68
28
40
41
82
60
50
48
6A
84
25
29
50
A1
A8
19
10
95
58
50
10
46
54
2A
51
49
48
8A
14
86
09
81
24
09
20
44
9A
21
82
29
A8
85
A6
69
66
22
A6
21
A1
56
88
16
05
65
16
58
85
60
42
18
61
02
8A
06
21
66
15
86
4A
85
49
16
69
A1
4A
90
22
95
46
15
55
AA
66
50
29
A1
64
4A
44
61
61
64
05
9A
18
61
21
6A
88
82
45
99
08
14
11
8A
1A
68
21
15
19
21
60
90
08
48
66
61
6A
15
AA
69
01
18
86
94
81
10
40
61
09
90
84
4A
88
18
00
A0
44
9A
80
6A
49
45
49
5A
A9
58
41
A6
91
A2
25
99
54
6A
04
1A
84
25
A4
21
41
99
56
64
A5
AA
96
16
5A
9A
A1
0A
A8
98
6A
55
55
41
14
A6
59
16
6A
59
85
66
60
99
40
14
22
19
59
5A
24
69
A8
60
A4
48
2A
12
2A
69
21
12
4A
95
80
81
94
58
42
66
2A
08
A8
4A
A6
98
AA
96
A2
9A
A2
41
29
5A
96
1A
98
95
8A
88
99
68
08
51
29
69
96
91
24
A4
45
AA
94
A1
5A
69
90
84
26
2A
6A
19
60
02
28
49
A4
62
48
A4
04
68
61
1A
A1
1A
62
19
A6
69
09
A5
5A
69
42
05
55
64
11
A5
65
41
98
89
86
58
65
51
85
96
56
99
86
69
26
95
88
64
59
A8
AA
A8
66
2A
99
44
15
54
18
99
50
56
62
59
66
45
AA
84
4A
94
69
95
96
46
95
04
28
99
98
85
69
22
A9
61
19
22
89
5A
45
54
06
AA
69
26
90
89
06
A9
06
49
66
A4
02
59
55
56
20
A1
91
11
A4
A4
58
92
55
28
22
48
6A
AA
A1
91
95
94
49
68
14
68
92
88
A2
52
50
52
10
61
10
6A
45
52
A2
09
A4
96
01
86
22
9A
91
62
29
26
12
52
85
26
65
0A
90
58
66
AA
82
A4
A2
52
49
A9
A6
5A
12
82
94
A6
2A
09
86
4A
9A
69
12
58
89
06
28
92
65
A9
44
06
60
9A
0A
51
5A
9A
01
15
22
80
29
49
4A
61
49
A9
49
59
05
95
42
24
48
60
98
91
58
05
90
AA
49
81
A4
2A
88
49
51
91
A4
95
48
46
2A
44
14
29
20
58
61
25
96
51
9A
59
95
50
66
1A
9A
46
56
A0
66
58
46
25
56
8A
2A
6A
92
96
10
2A
90
95
82
28
5A
86
48
91
45
2A
99
62
64
99
15
26
22
10
62
51
28
08
05
1A
9A
9A
96
99
58
A9
4A
65
99
52
64
51
12
54
A5
19
15
95
91
58
06
65
84
65
51
4A
A6
9A
1A
91
6A
A5
4A
84
5A
04
86
51
55
68
46
A8
61
22
25
59
66
A1
80
2A
A5
5A
64
25
25
58
6A
25
42
98
9A
96
AA
9A
11
89
A6
4A
54
54
12
90
99
A8
58
69
69
11
49
A9
A2
95
5A
A6
19
A0
85
16
9A
15
01
9A
28
5A
05
42
66
51
85
56
05
46
96
AA
64
10
25
A8
82
26
01
58
96
26
12
11
59
A2
A8
02
48
99
58
51
65
2A
64
A5
A8
94
26
A2
51
94
2A
AA
18
94
40
A4
18
54
A6
50
AA
84
62
22
58
05
45
82
90
45
AA
82
60
56
18
88
15
49
66
62
A6
25
AA
46
58
55
85
28
11
A1
81
41
01
95
19
04
82
80
89
40
09
28
51
01
A1
A8
25
1A
29
95
66
02
65
00
90
AA
55
AA
80
4A
06
89
A6
46
66
29
AA
6A
69
95
61
46
08
A1
49
A5
06
01
84
25
65
99
06
69
18
A6
48
12
08
00
50
41
98
50
AA
65
59
04
82
5A
51
92
61
95
10
2A
26
24
95
81
25
85
55
52
04
90
4A
8A
91
A5
09
20
8A
28
01
22
16
14
96
95
96
A8
20
61
18
9A
61
96
86
99
A0
66
26
AA
65
59
96
24
92
54
08
A1
58
59
08
91
21
69
64
80
96
98
69
66
54
16
A2
58
6A
55
A8
96
6A
15
55
88
A9
90
85
66
51
55
56
A6
41
66
25
59
A9
A6
96
8A
66
15
05
A2
01
24
06
81
15
89
96
89
64
96
06
25
54
05
18
99
29
5A
A5
1A
49
55
68
89
54
88
48
4A
A2
45
A6
69
A8
2A
6A
01
6A
65
25
68
6A
25
98
A6
A9
65
20
64
15
95
A4
99
AA
92
08
12
06
8A
65
48
92
69
1A
5A
A6
42
6A
8A
66
91
49
55
88
58
A4
A8
2A
64
89
55
69
26
AA
61
16
A6
86
56
80
54
90
66
59
11
14
91
46
A9
55
62
A2
9A
8A
59
18
16
64
95
56
21
89
59
A6
22
65
6A
82
05
95
A4
AA
5A
AA
46
29
21
62
12
41
99
66
8A
69
84
AA
1A
18
86
41
84
15
09
08
59
A9
26
18
84
81
49
06
6A
55
45
22
8A
A9
61
02
65
A8
18
82
95
29
18
1A
85
94
44
26
42
62
11
58
58
69
50
6A
14
11
48
86
65
16
64
44
15
58
A6
55
52
19
AA
01
14
6A
A8
58
16
45
15
81
52
99
A4
86
55
59
16
24
48
86
1A
99
60
45
6A
16
85
50
02
51
A4
42
55
5A
05
AA
9A
28
9A
65
8A
A5
50
10
46
69
61
42
61
24
6A
9A
A1
11
11
59
A1
06
54
80
16
96
08
61
50
A1
28
60
51
98
96
1A
22
25
84
18
56
45
50
10
85
56
65
98
61
06
44
61
A9
80
42
A1
58
68
20
45
61
99
54
44
84
59
A9
85
A6
42
22
6A
41
8A
82
8A
69
94
49
80
10
06
29
00
85
25
86
99
55
9A
A6
49
A9
11
15
49
60
51
59
65
69
91
69
A5
A9
09
99
94
A4
29
45
02
52
95
46
98
A2
89
4A
56
69
96
29
55
A4
19
95
45
58
41
85
61
59
5A
66
65
68
42
16
82
9A
6A
21
98
A8
59
86
29
28
12
69
14
56
91
4A
1A
96
A9
65
11
55
A1
44
55
86
06
96
55
A9
A9
A5
99
95
68
65
99
A6
91
A9
AA
19
62
8A
41
AA
60
94
82
96
99
96
99
2A
2A
6A
65
88
2A
56
28
48
90
69
9A
62
92
9A
15
25
42
49
AA
A8
06
18
62
56
66
49
4A
69
22
08
04
91
A4
AA
65
56
26
11
62
95
85
1A
91
A9
66
19
95
84
A5
A1
2A
65
81
2A
48
91
06
15
9A
9A
48
82
19
AA
85
81
90
52
25
A2
65
95
1A
81
2A
29
1A
54
94
94
68
00
09
15
52
5A
98
81
95
18
A8
62
14
A6
AA
46
9A
06
96
60
29
A5
81
82
48
68
52
62
95
88
26
84
49
2A
94
91
29
68
00
55
56
80
A9
A2
50
99
62
A6
61
92
A6
62
1A
6A
14
66
49
59
09
16
6A
A8
94
A9
6A
11
AA
A1
84
9A
6A
5A
60
00
62
21
8A
0A
09
64
05
24
0A
02
95
59
80
06
28
40
59
55
9A
05
22
25
5A
25
24
99
11
A6
02
08
A5
59
02
00
88
50
A0
12
40
44
92
A9
4A
20
05
64
A4
28
91
04
59
60
56
04
09
2A
89
4A
95
98
59
88
52
68
98
91
00
89
0A
0A
9A
64
25
42
12
89
0A
98
12
A5
91
22
49
86
12
11
94
A8
A1
95
98
81
52
4A
98
95
21
69
15
51
AA
94
46
8A
21
48
58
12
65
98
85
86
9A
55
55
08
65
65
10

