02
09
05
45
88
62
09
92
01
69
69
25
14
08
2A
9A
25
82
A8
A2
45
0A
8A
99
9A
AA
58
A6
92
54
A4
66
98
05
18
24
68
64
89
05
18
82
A4
61
61
66
15
00
41
A1
66
A9
25
06
10
66
A0
2A
04
86
5A
42
22
04
99
AA
0A
19
42
18
92
99
09
1A
2A
5A
69
02
10
88
88
9A
61
26
25
21
16
A5
68
41
99
66
25
00
82
A2
22
48
21
08
49
80
A9
09
AA
12
04
01
82
86
96
09
56
9A
86
4A
91
A6
51
66
52
44
6A
89
02
94
01
41
A6
48
51
02
A5
48
08
6A
54
46
94
11
66
69
20
56
56
99
94
58
90
96
58
56
80
96
89
9A
84
5A
99
00
65
58
09
A4
84
21
94
48
58
08
4A
69
12
65
60
A6
98
A5
A6
69
11
66
64
22
81
65
91
A8
05
55
84
49
4A
84
28
69
60
18
69
14
20
9A
09
52
24
5A
52
11
50
68
58
25
90
66
42
5A
69
9A
96
89
82
A2
14
86
16
A5
A0
58
50
24
9A
82
12
49
55
A6
98
96
42
59
55
14
49
14
24
80
2A
80
44
02
A8
02
86
09
5A
46
19
49
2A
09
95
4A
66
54
A4
48
20
52
46
A1
86
48
9A
15
A1
1A
90
90
A2
A5
59
52
41
2A
09
89
81
91
94
42
8A
01
40
11
01
40
02
28
20
8A
40
58
AA
45
A6
12
40
40
49
82
14
8A
55
60
82
A6
05
5A
50
49
26
08
1A
68
51
59
18
52
24
56
20
84
45
5A
8A
46
45
0A
64
0A
90
64
4A
24
8A
66
66
45
AA
58
21
45
18
48
50
06
AA
21
10
58
15
16
55
40
9A
15
21
A5
A1
18
20
61
94
51
95
99
48
46
10
A5
25
96
2A
62
09
8A
14
29
09
59
A9
28
59
29
56
29
98
64
19
66
86
59
0A
AA
59
28
58
A6
26
19
A1
98
15
9A
56
28
62
0A
56
26
59
12
90
AA
68
A6
29
64
55
9A
A6
8A
69
06
59
26
56
16
A9
08
06
42
09
45
44
56
29
09
88
86
59
46
25
40
68
A4
28
A9
59
AA
05
99
49
A5
12
86
26
56
96
16
29
96
1A
66
46
29
46
54
94
56
55
0A
14
80
90
16
94
62
84
A6
85
A1
56
A9
44
61
04
90
15
22
55
A2
58
4A
02
60
56
20
A8
46
94
A4
68
A5
52
A8
58
2A
45
19
25
49
19
A6
96
1A
66
59
14
20
10
61
85
9A
88
1A
01
5A
58
9A
80
09
49
18
09
00
96
06
19
65
45
08
46
69
48
58
9A
51
28
04
26
5A
89
01
A1
A8
A9
A4
40
9A
4A
A4
8A
0A
0A
6A

