16
56
05
1A
68
54
1A
55
9A
65
05
52
91
10
45
15
65
05
62
95
50
81
20
69
A8
61
19
12
66
86
9A
55
A5
55
55
55
66
88
12
46
64
64
16
61
58
56
A5
66
96
61
40
46
99
98
6A
44
AA
00
91
90
40
49
91
12
98
94
59
11
66
68
01
02
A9
68
6A
4A
86
60
9A
21
09
95
54
12
12
59
65
81
A1
25
95
94
A5
92
16
A2
29
A0
A5
69
9A
68
96
A0
65
00
59
66
A2
89
58
4A
80
88
5A
00
16
4A
81
84
08
86
A2
A5
64
19
51
A6
29
58
98
59
41
A1
95
69
0A
98
A9
1A
A6
66
46
28
01
21
16
05
69
11
6A
90
11
51
96
04
19
55
58
42
91
52
16
15
A8
A8
56
80
2A
9A
68
54
69
92
86
09
94
14
54
50
41
19
66
0A
52
25
6A
99
96
A1
AA
21
A2
A2
45
A1
5A
18
5A
89
66
65
A9
61
96
4A
26
99
08
A2
89
5A
18
64
AA
86
9A
04
06
91
0A
45
42
62
81
50
06
82
AA
6A
05
88
AA
95
59
14
42
68
11
49
24
28
9A
8A
58
59
8A
99
55
91
58
65
92
90
65
94
64
2A
11
91
19
18
A8
99
A5
A5
29
46
A4
46
61
06
45
19
4A
45
A2
A6
42
66
64
95
98
8A
66
48
59
41
95
98
52
69
16
80
59
A6
A4
55
54
29
A9
96
59
65
48
8A
5A
A4
56
52
AA
84
86
5A
2A
82
09
96
48
91
55
91
88
95
29
58
95
88
1A
42
55
54
AA
45
4A
92
60
45
65
16
52
95
A2
44
A1
08
99
60
A1
A2
86
20
65
59
A2
51
52
66
02
49
86
45
08
A1
16
90
60
20
8A
11
8A
0A
55
51
46
6A
46
18
0A
A1
A9
A1
18
1A
4A
62
A0
86
55
A9
21
89
29
91
89
05
86
56
15
24
A1
59
A2
68
29
61
6A
62
68
16
90
48
95
4A
54
59
89
88
2A
58
98
28
95
6A
80
A9
54
49
11
2A
04
49
6A
55
24
24
A8
A6
A5
A9
95
85
9A
12
96
62
69
68
5A
18
64
5A
49
A6
48
16
68
86
88
44
99
A2
45
00
A0
56
04
5A
19
92
69
56
15
82
15
82
10
82
89
09
45
68
96
56
96
50
8A
5A
94
88
A5
69
92
00
86
59
45
44
9A
89
A5
15
20
28
69
60
29
A6
90
6A
A5
01
69
29
69
06
A0
16
96
05
52
2A
56
64
2A
56
96
00
9A
A4
20
22
52
55
42
06
95
82
26
55
AA
59
62
41
68
09
66
16
18
69
62
AA
19
A6
19
12
5A
66
88
61
90
69
90
81
61
89
96
04
16
59
25
0A
82
A0
90
52

