01
94
68
09
11
10
24
80
00
1A
56
15
08
0A
28
2A
50
05
9A
45
AA
55
A1
60
0A
08
28
96
55
41
62
48
A6
61
00
26
64
66
69
45
26
84
A6
56
80
21
59
69
10
A0
04
20
2A
81
A9
58
0A
86
0A
A5
50
60
45
81
6A
80
50
62
28
21
8A
92
A2
94
96
21
1A
51
05
91
49
94
95
A8
24
11
2A
12
65
54
10
12
91
9A
91
89
81
64
1A
6A
41
41
64
19
64
22
14
12
21
14
80
55
62
69
25
65
01
A0
98
80
86
99
25
00
4A
55
14
54
88
5A
4A
26
5A
0A
69
6A
16
20
85
08
58
84
A5
A2
44
02
65
8A
12
A6
09
84
88
65
95
66
50
4A
59
55
1A
64
69
92
9A
46
8A
A8
48
51
40
25
29
4A
5A
46
00
59
49
50
A8
09
1A
09
96
44
24
92
85
85
2A
14
A1
02
11
6A
A2
A0
89
A5
80
01
06
42
08
95
22
A5
0A
A9
29
85
95
52
61
29
01
89
94
44
2A
24
94
81
49
56
62
69
90
5A
61
91
52
60
52
A4
48
A9
A5
64
26
55
11
46
26
91
05
66
96
08
45
01
5A
59
A5
08
95
11
A1
16
62
9A
A8
A1
5A
01
99
A8
A1
44
50
58
50
A9
A5
5A
5A
84
18
A8
48
A5
A6
08
A0
96
A5
61
96
92
61
92
AA
92
82
92
95
9A
55
96
96
69
92
65
65
96
92
AA
9A
92
A2
65
65
96
65
9A
45
96
05
86
65
69
65
65
65
69
96
69
61
55
65
92
51
69
92
61
9A
69
96
69
61
45
28
9A
59
54
AA
51
61
41
8A
92
86
45
8A
41
41
65
82
61
81
92
8A
A6
92
A5
8A
61
61
96
92
52
61
96
29
9A
65
1A
92
69
96
9A
5A
16
42
A4
18
81
95
A1
94
12
A5
2A
22
25
09
18
61
5A
51
45
00
26
6A
64
2A
48
50
61
92
41
80
A5
55
AA
94
86
24
00
02
66
54
98
69
5A
A6
06
A5
21
89
40
A4
51
28
88
55
58
44
61
04
55
A5
22
51
A2
46
81
00
55
04
22
60
92
85
A4
A5
A8
60
A2
4A
06
20
55
82
65
44
44
A6
24
A0
22
09
99
65
1A
55
29
A9
A0
28
56
AA
00
6A
44
68
5A
4A
42
54
05
48
42
48
96
82
96
5A
51
4A
29
59
0A
92
42
66
6A
80
6A
5A
88
94
09
92
80
A6
AA
96
91
88
04
09
68
A2
15
68
99
42
A0
55
80
A8
14
2A
40
91
26
68
81
60
90
5A
66
85
9A
6A
95
99
25
42
99
92
40
80
18
A2
90
86
08
91
4A
66
A5
86
62
90
5A
90
51
5A
A1
40
48
40
58

