14
69
26
90
88
90
04
10
A8
18
04
90
66
18
10
14
52
6A
44
90
24
9A
90
05
84
18
00
A1
48
25
62
5A
69
92
84
61
40
22
21
45
20
A6
A6
A4
96
1A
28
A1
96
62
92
64
66
69
21
64
16
40
04
02
6A
26
15
22
5A
42
49
41
55
8A
51
92
5A
99
54
A5
8A
08
44
45
40
69
95
65
81
48
11
25
89
AA
66
9A
69
55
59
64
96
84
A4
85
66
28
A6
22
45
55
81
55
66
84
91
60
28
8A
A1
59
40
66
12
56
44
A6
A4
96
1A
A9
95
45
6A
49
A6
56
55
56
80
12
26
08
48
02
59
88
25
05
46
82
29
04
9A
A8
44
0A
05
65
98
48
82
51
81
09
55
96
A4
8A
55
68
12
40
40
89
99
88
A2
54
61
5A
54
69
A0
26
A4
49
8A
55
19
A0
96
A9
A9
22
95
96
99
82
64
02
0A
2A
20
4A
01
6A
45
41
85
00
10
10
A8
5A
12
65
95
44
6A
12
A8
94
A8
05
81
59
66
80
96
11
1A
20
82
18
12
0A
2A
56
01
59
86
49
82
04
28
08
62
11
51
14
08
04
20
24
A5
84
26
50
91
04
18
81
50
26
2A
26
42
15
06
A0
84
A0
25
61
54
08
48
48
40
82
A2
98
89
12
94
08
5A
12
A9
69
69
89
29
51
18
A9
84
49
64
26
A8
46
44
69
00
1A
5A
68
16
A8
59
29
86
81
41
65
A4
20
58
A6
5A
56
A6
44
12
21
54
68
08
56
85
69
69
26
18
96
A0
A5
AA
19
26
2A
11
12
92
45
26
65
26
09
56
A6
88
82
88
A2
18
2A
A4
51
6A
50
58
25
58
88
65
80
99
66
56
09
4A
18
A0
2A
29
82
96
A2
64
42
95
65
16
50
85
95
22
50
A4
05
5A
52
14
0A
44
01
A5
6A
09
55
20
A1
91
A4
12
55
0A
52
64
8A
80
90
25
24
09
A2
44
2A
11
20
25
96
65
42
92
81
02
85
51
AA
98
69
09
86
A4
0A
04
18
20
15
44
82
29
41
55
61
98
80
50
19
44
9A
42
46
66
90
8A
92
06
45
59
0A
42
9A
29
66
92
14
85
52
91
01
41
44
22
A8
54
5A
05
2A
A9
A8
05
28
6A
92
89
61
29
99
16
49
81
AA
91
82
12
A1
95
91
86
84
AA
9A
58
20
1A
A5
51
98
AA
A4
69
86
4A
A4
28
0A
06
88
24
4A
85
6A
A6
A9
92
89
90
88
4A
66
A9
18
24
9A
45
99
84
18
45
86
AA
10
89
60
95
25
06
20
2A
45
26
84
49
04
04
59
6A
15
2A
16
90
9A
64
22
6A
14
58
15
66
29
8A
96
55
49
5A
91
88
62
40
26
08
89
60
02
90
05
02
48
68
00
A8
48
06
85
88
09
A0
00
01
A4
00
20
01
40
A9
58
00
60
42
14
82
84
84
94
05
25
95
60
80
14
42
94
84
AA
26
09
06
29
91
99
91
89
20
44
44
82
88
01
81
51
A0
02
92
06
04
11
00
A6
01
40
68
89
40
15
10
10
58
86
AA
08
01
24
00
20
15
84
A0
22
12
40
14
95
40
A6
05
18
96
6A
21
06
41
98
88
09
06
60
2A
24
AA
52
58
81
9A
49
02
19
54
52
24
2A
42
52
48
11
A8
42
5A
81
82
26
90
25
1A
1A
A5
22
55
50
A2
56
01
64
02
59
80
02
09
80
99
48
8A
89
9A
9A
2A
A4
25
2A
86
18
94
26
8A
8A
59
6A
82
16
5A
92
62
55
15
02
24
A1
41
85
26
85
94
6A
04
49
82
19
6A
52
1A
41
02
A2
A6
86
52
54
A1
59
55
01
09
0A
A6
22
AA
41
14
92
8A
A2
21
45
58
56
2A
85
05
59
61
A1
A0
68
45
85
49
09
82
41
28
11
2A
69
16
A9
A1
00
16
28
14
21
12
45
19
18
08
51
22
48
00
28
84
01
90
A6
29
A5
02
64
10
6A
A9
69
AA
41
80
62
21
66
42
91
24
A8
9A
91
5A
6A
95
56
69
26
69
99
62
29
90
81
00
09
A0
59
A4
9A
06
A0
5A
58
A8
61
25
51
49
68
1A
64
64
42
44
89
65
92
26
A8
59
46
2A
59
41
59
24
90
A6
24
01
A6
01
A0
AA
05
46
A5
24
A5
25
26
5A
16
51
24
09
A5
66
A6
59
95
98
59
66
A0
A1
A5
9A
85
A0
19
49
69
82
88
54
59
58
45
52
85
A9
A6
92
48
46
26
66
92
8A
55
1A
11
51
A5
A6
16
51
00
99
05
41
68
88
90
29
29
91
12
10
04
20
61
82
62
04
29
90
98
68
12
00
25
02
10
00
49
29
84
25
50
44
60
26
14
69
60
48
50
15
0A
18
80
92
04
90
60
15
90
65
44
A2
18
A1
19
98
96
A8
40
51
58
10
49
60
84
46
11
60
A1
18
A5
52
0A
22
18
19
A4
64
69
04
0A
49
11
04
92
02
60
41
00
10
91
1A
11
28
92
22
51
0A
51
48
18
66
61
29
14
81
A2
20
A2
01
A2
86
A9
52
68
16
1A
94
80
94
25
94
51
A8
6A
91
62
11
00
0A
16
05
A9
29
1A
54
AA
68
1A
09
A2
60
A0
40
48
54
54
A9
8A
94
06
05
AA
24
14
A8
62
68
22
9A
51
62
52
59
19
29
61
69
92
19
20
14
54
48
90
44
51
58
56
68
02
28
81
9A
52
04
54
26
46
04
92
61
54
90
40
00
89
9A
14
A0
2A
40
64
40
20
69
20
09
45
14
1A
12
A6
8A
A1
64
98
25
AA
60
00
02
05
04
64
92
91
24
68
22
55
2A
A6
46
11
61
40
46
21
02
91
66
48
94
95
86
9A
1A
04
96
66
24
42
A4
48
90
98
A6
6A
96
45
69
6A
41
2A
42
99
96
AA
55
51
8A
84
54
06
98
01
A4
25
46
A1
26
86
29
50
AA
85
18
54
16
26
24
56
8A
99
51
A2
05
21
92
49
54
88
59
2A
82
60
96
55
8A
66
A8
99
66
10
52
60
88
29
92
8A
AA
A6
AA
04
16
81
65
AA
58
56
65
90
81
00
48
0A
51
56
69
99
10
16
18
80
69
49
29
56
41
4A
A8
98
86
19
89
9A
A9
85
99
85
59
91
56
95
24
99
29
46
46
55
99
92
66
25
85
69
29
51
16
84
59
04
A6
45
64
2A
80
86
08
50
50
40
21
20
62
52
81
64
6A
80
81
14
10
51
05
A0
00
00
80
09
5A
A0
21
00
20
84
48
00
52
96
10
40
A9
11
58
90
01
00
5A
4A
21
20
5A
00
02
25
20
62
15
2A
01
01
09
40
84
12
04
15
16
04
05
16
00
A4
45
28
24
A2
59
45
28
54
A6
41
46
A1
A6
58
0A
42
24
4A
A4
91
92
01
05
40
AA
09
16
08
58
20
16
45
99
24
84
98
A6
16
5A
89
25
A5
41
48
A4
95
A8
89
10
99
26
65
20
90
16
04
68
91
A8
02
94
59
26
95
89
18
25
45
85
65
44
18
00
45
88
55
64
16
A1
26
A4
06
95
A4
A5
61
05
29
A5
A9
55
49
A2
44
26
95
21
10
24
65
51
99
A9
19
41
66
6A
8A
81
9A
84
A1
1A
66
91
81
15
5A
81
16
02
11
04
45
91
A4
80
94
02
60
95
14
96
20
1A
5A
58
A9
85
9A
19
22
90
A2
91
42
12
56
81
95
84
18
65
66
62
69
95
1A
2A
19
AA
04
69
25
A4
51
85
62
11
52
02
5A
26
95
16
99
08
90
08
5A
20
91
64
59
49
9A
A6
19
56
1A
22
18
29
A8
12
A8
19
22
5A
40
48
41
51
08
A1
58
94
15
41
94
54
66
15
68
11
6A
64
61
26
15
00
A9
01
A1
00
85
69
55
59
15
51
06
91
88
58
42
89
6A
80
16
98
1A
40
99
55
9A
80
2A
95
A5
A1
58
42
99
55
49
A1
91
95
81
1A
66
62
64
80
81
01
11
21
58
92
A6
68
6A
6A
01
15
66
0A
45
69
56
5A
81
56
1A
96
61
99
91
4A
29
95
58
98
99
21
A6
44
4A
50
89
99
8A
88
89
18
40
04
A9
20
62
AA
42
00
89
44
88
01
2A
80
44
90
11
89
11
20
9A
19
05
44
88
26
4A
20
58
50
16
04
14
68
81
68
50
02
60
01
22
20
80
94
08
10
95
64
90
01
68
25
05
24
11
10
9A
91
98
28
96
05
01
68
92
00
10
00
0A
86
28
28
46
5A
68
48
44
58
45
46
AA
50
00
15
02
02
00
09
02
10
A1
94
60
41
42
04
12
90
91
68
09
00
06
82
25
41
00
04
6A
14
60
1A
15
90
2A
A5
29
A0
48
A2
A8
94
A2
89
95
61
A4
68
80
A9
95
95
68
A9
29
A9
85
19
A6
05
81
8A
A6
61
AA
65
12
95
1A
54
62
99
86
02
25
A0
1A
A0
56
06
6A
29
86
69
15
10
06
06
16
A8
21
61
56
AA
22
A8
95
56
49
62
42
55
62
65
25
92
69
66
46
28
04
92
49
60
14
1A
12
42
59
82
00
91
58
24
10
86
24
84
A4
26
2A
24
1A
4A
85
15
22
28
89
A4
59
89
60
66
6A
41
62
45
5A
80
29
6A
95
5A
5A
11
19
86
09
90
29
09
48
40
A5
56
45
05
01
88
6A
62
96
AA
24
59
16
6A
40
56
84
A8
68
05
98
49
06
19
58
16
84
99
91
01
5A
91
1A
54
09
99
12
20
80
A1
A1
46
5A
99
85
A0
29
04
A9
21
AA
99
16
1A
66
56
96
4A
56
A9
8A
40
1A
9A
45
56
66
A5
A9
58
6A
95
58
A4
40
08
46
18
A8
66
59
5A
56
66
21
60
40
41
69
21
60
66
AA
99
90
28
28
56
26
02
00
2A
A5
24
45
86
19
89
06
64
59
A9
48
2A
98
45
21
65
56
A4
49
A6
45
4A
12
44
29
22
65
44
2A
21
96
42
69
A1
90
51
22
19
09
09
6A
22
81
05
88
09
48
84
00
0A
99
90
98
A8
60
49
1A
A0
18
02
81
21
60
24
26
64
42
85
08
06
6A
11
25
6A
00
04
01
51
04
08
94
50
A2
66
14
92
50
00
82
81
48
89
40
0A
5A
04
20
66
20
04
44
88
42
A6
18
01
18
14
26
04
90
81
11
20
26
80
22
18
20
16
00
48
19
42
91
10
25
55
86
56
99
01
9A
40
64
05
41
94
60
66
88
99
2A
19
80
44
94
16
A4
91
A5
09
99
56
24
64
AA
94
22
AA
64
99
95
26
5A
56
2A
15
A5
69
95
12
95
52
64
A8
50
26
2A
56
86
58
81
15
66
98
85
62
52
12
56
10
89
09
6A
8A
96
59
84
44
46
A1
45
52
18
A1
98
69
21
12
00
09
66
05
56
6A
81
98
24
19
25
6A
21
A5
55
04
26
A2
66
06
4A
91
01

