A8
45
0A
49
48
04
09
14
61
24
2A
A0
A9
56
96
A2
41
A1
81
A0
88
86
21
98
A5
25
46
11
54
69
04
22
0A
02
AA
05
A2
22
64
88
A4
0A
26
46
42
19
48
A9
55
88
26
00
20
42
A9
05
29
80
12
5A
A5
26
64
98
82
A0
10
45
06
22
61
8A
69
08
A8
05
94
58
09
08
5A
45
AA
95
10
05
4A
54
AA
90
29
4A
65
84
59
21
4A
02
09
A0
21
90
AA
89
05
54
A6
94
54
96
95
05
82
61
41
A1
A4
A5
A5
A9
AA
62
40
9A
64
10
12
69
54
A4
6A
12
44
0A
45
59
52
18
65
8A
A6
26
88
86
99
96
6A
09
06
09
A9
81
A6
1A
46
96
A9
44
58
60
A9
58
61
16
5A
89
92
14
64
95
AA
98
01
AA
51
11
65
1A
5A
08
68
85
94
68
96
0A
61
64
94
48
9A
A5
52
A0
20
21
19
16
A0
84
80
95
A8
14
42
9A
0A
60
80
50
26
91
80
94
44
82
56
A5
56
44
24
64
06
00
45
21
58
28
A6
8A
15
29
A6
22
80
62
40
94
60
59
6A
00
99
20
46
04
A8
14
05
49
A2
8A
92
80
05
00
69
08
81
82
20
41
92
68
80
58
02
46
A1
A8
04
42
54
A6
99
20
20
A1
60
26
A4
29
A0
19
46
A4
84
00
A9
28
92
85
A2
A2
69
21
45
68
0A
10
85
80
16
58
61
84
14
06
21
51
6A
01
A1
64
41
69
9A
A9
AA
92
46
00
94
62
21
A5
15
40
89
A9
A8
90
95
11
A6
96
41
44
12
9A
18
20
A9
AA
99
85
95
28
92
8A
06
A6
6A
A8
56
A0
24
8A
50
16
52
05
68
00
15
6A
95
69
68
A6
22
02
02
02
0A
2A
4A
A9
4A
95
20
16
66
29
49
46
A6
09
46
41
40
44
1A
94
A6
48
01
A6
49
04
90
04
12
05
48
49
45
82
52
A4
86
11
A4
48
92
88
A6
A4
04
25
A4
96
A9
A6
02
09
A6
89
15
25
29
22
41
86
50
96
16
22
15
11
44
46
65
08
62
24
59
4A
49
1A
10
2A
68
86
99
52
59
A4
1A
A9
42
84
28
12
86
50
48
69
58
45
9A
01
62
24
0A
A8
45
50
68
51
AA
1A
55
A5
96
60
A5
A5
64
01
66
61
20
06
5A
46
96
50
68
62
54
06
99
92
59
85
69
86
52
06
55
45
51
99
05
A4
64
59
69
44
12
89
61
96
49
8A
15
69
92
96
62
62
16
66
A1
90
66
09
4A
1A
40
59
59
A9
85
98
A2
10
51
09
58
44
59
61
4A
61
A0
95
18
18
40
A1
94
A6
51
42
86
94
51
68
65
AA
A8
86
19
26
41
14
94
10
24
28
51
56
21
9A
06
12
66
41
AA
06
29
A4
02
81
A8
55
82
89
01
14
65
24
02
92
14
54
69
2A
49
AA
0A
8A
8A
41
48
A5
45
AA
05
22
28
84
49
A1
20
04
50
16
88
25
08
A2
51
40
A0
0A
99
84
82
82
92
50
59
41
99
02
19
25
04
19
40
24
11
88
44
18
22
49
A5
1A
44
12
A0
69
28
16
60
A0
20
89
A6
40
65
80
84
60
14
A6
A5
A4
58
59
62
69
00
A6
50
89
91
14
18
24
58
90
62
42
A5
69
69
A6
16
91
11
14
65
86
0A
51
20
24
88
58
A2
51
52
12
49
A1
A1
91
99
A0
05
80
02
00
AA
44
44
68
A4
2A
89
19
4A
0A
A4
49
16
66
44
8A
24
16
28
95
49
A8
A6
16
96
41
A2
02
A6
A8
29
92
59
2A
A6
A0
A0
58
49
90
42
90
01
14
15
66
84
02
91
5A
19
A0
4A
15
56
65
28
82
95
94
20
05
16
A5
69
64
41
96
51
A1
56
81
A9
69
99
25
60
69
40
61
29
66
41
66
16
95
92
21
96
AA
58
08
08
60
82
82
85
00
A4
41
81
6A
62
86
1A
19
14
6A
81
65
0A
69
05
2A
A5
14
2A
15
92
89
59
94
92
96
6A
90
68
81
95
46
92
65
94
02
96
52
05
A9
61
6A
44
95
60
8A
69
91
45
11
65
91
92
95
11
19
5A
01
29
15
80
24
91
12
99
A2
16
2A
94
95
46
50
96
68
15
15
16
88
92
6A
A4
60
69
28
90
86
98
69
94
26
61
92
66
56
90
92
59
28
28
66
9A
42
1A
96
62
20
0A
19
69
41
8A
A2
18
28
25
15
84
45
54
18
68
51
A6
52
65
60
2A
06
00
21
92
69
82
28
96
09
65
11
95
82
90
42
12
41
10
88
04
4A
08
06
9A
A6
22
02
19
10
44
19
04
41
96
51
59
52
22
8A
94
11
96
20
29
59
94
A2
A0
40
25
A0
52
09
12
01
21
16
21
16
94
90
62
40
48
45
4A
09
29
40
08
14
10
11
80
68
A2
01
05
00
A8
14
80
80
40
0A
48
60
06
44
19
82
41
A9
21
48
04
88
08
60
20
65
18
A9
00
50
59
09
01
82
96
25
42
29
A1
A9
92
56
94
11
2A
16
94
66
A6
A4
46
65
A5
61
AA
28
98
5A
54
16
02
65
28
49
19
5A
52
69
54
56
01
16
94
54
26
51
29
88
56
49
0A
12
2A
49
18
89
94
64
55
10
85
18
91
54
4A
59
62
A2
92
A9
19
06
42
69
50
51
64
1A
69
1A
89
92
68
61
01
59
92
89
09
12
49
86
22
49
09
86
1A
15
A4
15
0A
A5
40
42
21
94
58
58
95
45
55
14
88
55
48
A0
80
56
28
80
66
85
A1
96
AA
22
02
82
46
51
69
20
22
16
25
9A
25
12
11
15
11
69
95
2A
44
20
4A
52
A4
80
21
A9
51
25
09
58
88
48
1A
1A
88
64
12
89
18
84
50
64
A9
88
51
29
A4
4A
66
A6
86
90
46
80
01
94
41
91
A9
40
81
99
55
91
11
64
2A
60
65
14
A1
4A
59
14
86
56
54
52
1A
A6
6A
04
89
96
66
49
01
96
A5
80
06
0A
22
1A
92
65
9A
16
0A
65
58
66
25
09
64
22
5A
65
2A
68
00
99
41
12
A9
9A
62
64
00
00
A2
A5
14
55
A5
25
2A
89
28
18
40
64
24
09
16
89
56
19
46
A2
82
85
2A
4A
6A
89
68
60
A8
84
65
69
19
65
19
48
50
44
89
49
98
44
22
15
01
89
99
65
80
05
11
58
A0
8A
5A
08
08
85
90
40
1A
20
41
10
2A
14
80
04
50
46
01
00
10
45
92
94
45
52
54
90
81
95
90
20
18
69
A8
80
5A
10
40
19
90
26
08
85
A0
05
60
0A
19
06
18
A4
44
80
95
89
00
05
80
01
0A
15
82
04
54
24
42
11
80
56
66
91
54
12
44
6A
00
05
40
44
18
42
20
61
65
84
05
58
59
A9
24
52
6A
01
12
84
09
48
2A
55
82
19
94
64
84
62
85
4A
61
90
69
8A
04
89
89
04
A6
81
61
82
96
99
A9
09
4A
58
54
99
99
52
01
84
08
64
90
00
11
11
05
49
5A
49
68
4A
4A
14
A6
A9
58
49
85
25
11
45
AA
18
84
A0
64
48
99
69
25
89
69
9A
61
89
69
42
88
5A
88
62
42
55
20
99
95
14
18
06
01
A2
80
92
8A
26
8A
56
61
02
8A
08
12
50
00
06
12
95
9A
A6
96
02
69
91
58
AA
55
56
01
95
61
69
59
61
61
69
A2
65
45
9A
61
06
18
95
86
61
92
91
4A
01
09
66
84
20
09
52
1A
66
59
68
49
29
56
51
A2
82
20
59
8A
8A
A1
8A
A2
22
92
09
2A
99
19
8A
A2
62
62
A6
01
02
65
16
92
09
8A
46
96
12
82
41
08
49
48
96
69
95
59
52
66
A6
55
61
92
A2
09
AA
80
02
61
4A
8A
62
58
55
A6
60
A6
98
A4
61
AA
AA
8A
45
59
61
86
12
96
09
A2
61
45
15
96
A6
11
68
52
86
65
99
81
9A
08
45
6A
6A
A4
64
A4
55
59
16
29
A8
92
45
2A
AA
84
56
98
5A
6A
51
25
4A
06
14
45
69
86
02
69
59
18
86
AA
A9
98
65
8A
41
85
59
45
69
02
82
89
00
02
45
08
A9
92
0A
82
91
09
11
82
85
29
92
45
28
A8
66
41
18
44
69
91
01
92
49
96
25
51
45
86
06
82
28
62
40
82
11
89
4A
56
86
98
84
86
44
26
91
62
20
6A
92
09
00
94
02
21
94
45
48
85
54
89
45
4A
45
4A
92
40
45
6A
51
90
49
40
82
09
25
41
41
41
22
49
46
42
41
04
A1
59
96
80
6A
6A
16
A9
50
19
95
A4
A1
1A
A9
12
25
46
82
A8
89
98
9A
A6
55
92
92
25
96
89
41
56
81
24
2A
55
49
88
A2
A2
A6
45
64
09
A8
9A
0A
1A
65
11
01
86
19
A2
06
20
A1
6A
89
A2
89
54
14
11
40
A1
89
48
61
25
A6
85
61
58
50
64
59
60
68
24
42
65
96
69
82
69
45
10
89
02
59
59
12
A9
9A
8A
59
58
02
81
A2
42
92
0A
46
22
66
11
A2
28
16
02
84
98
20
92
11
66
55
85
15
61
26
8A
A9
62
46
80
26
4A
40
25
55
11
49
66
58
09
25
A5
62
95
90
26
5A
26
59
81
99
01
99
0A
24
00
51
80
85
49
98
A9
42
A8
89
10
59
92
65
60
86
58
AA
2A
45
28
A0
A1
19
4A
66
4A
2A
11
22
99
04
15
88
4A
6A
A2
A0
8A
64
62
19
55
59
46
22
90
A2
02
65
08
62
62
61
A0
24
18
19
2A
A9
85
66
6A
99
4A
A9
5A
65
25
A8
A6
59
19
85
92
51
A9
99
18
A6
A9
41
64
80
99
51
22
A4
69
99
A4
25
15
4A
62
66
29
15
99
41
55
45
14
95
16
A4
22
61
A4
88
19
29
A5
26
21
90
48
9A
14
45
2A
14
18
55
96
92
89
59
24
AA
A6
A4
A9
58
92
A6
92
01
65
99
5A
46
A5
46
46
42
81
08
80
52
22
21
1A
1A
A5
64
60
54
08
10
82
41
A4
21
A2
21
44
40
62
62
26
A0
51
82
06
0A
18
64
2A
19
06
20
A5
62
84
A4
48
85
A6
94
0A
44
52
64
18
04
52
58
A2
56
A8
06
98
45
91
61
88
A5
11
1A
92
90
09
45
50
99
12
28
40
14
41
AA
18
84
65
20
68
00
AA
09
06
08
09
66
69
45
28
54
12
81
00
41
5A
54
60
86
04
2A
04
2A
09
AA
A0
6A
96
98
21
A2
84
2A
90
24
9A
82
51
A0
11
95
16
06
A6
60
68
64
58
A9
AA
A6
44
10
81
16
26
51
58
0A
10
08
1A
50
29
A2
19
69
25
A2
98
46
95
58
25
08
46
56
05
A0
01
51
0A
15
65
A9
09
9A
15
29
85
19
89
91
62
16
89
66
8A
66
A8
94

