46
61
11
06
26
41
99
19
A9
54
9A
52
A8
05
95
6A
55
56
92
A8
2A
19
A9
04
A6
1A
15
61
08
1A
62
0A
59
16
28
69
9A
98
9A
22
81
56
89
A4
85
A9
98
06
10
8A
52
6A
29
92
85
86
52
4A
9A
81
46
49
A9
A8
96
58
50
A1
95
2A
28
A2
9A
90
91
42
85
96
19
2A
52
5A
84
92
51
51
12
0A
80
20
5A
6A
9A
A9
95
26
92
01
65
A1
59
65
45
22
12
66
55
2A
A2
29
4A
90
5A
91
16
54
61
65
2A
69
48
90
92
A2
55
84
A5
49
A1
59
19
01
49
5A
95
A9
61
62
61
25
A8
69
55
40
58
88
89
55
A5
44
65
A4
2A
62
6A
24
92
84
25
2A
40
A1
25
0A
11
06
65
69
68
A8
15
62
58
A6
56
99
91
85
A6
84
10
2A
56
18
65
80
14
41
69
91
96
81
5A
46
19
A0
18
A6
61
89
02
89
A5
41
95
54
01
85
21
49
90
22
66
A5
66
95
29
A6
28
94
45
A6
45
65
91
4A
26
40
61
94
59
A1
21
AA
01
4A
24
59
11
85
81
85
A2
84
46
89
28
5A
56
82
65
19
9A
06
21
09
01
AA
A5
98
81
14
44
49
25
1A
28
10
66
48
62
64
56
46
95
01
14
19
50
A1
00
9A
49
45
64
10
50
54
61
02
92
25
12
A1
56
96
A5
06
08
1A
AA
AA
85
88
60
91
88
60
02
6A
1A
6A
92
20
91
11
06
51
86
86
65
14
02
12
16
85
65
24
68
68
49
85
8A
48
11
62
5A
21
2A
05
84
61
1A
86
58
65
46
6A
19
51
A0
48
55
A0
18
82
26
4A
1A
A6
28
98
18
15
45
49
50
59
46
52
16
01
82
29
A4
60
9A
54
19
8A
20
80
18
5A
96
81
62
08
14
92
19
99
49
20
00
A2
12
22
89
41
08
52
56
4A
21
15
41
55
18
29
46
62
96
8A
96
AA
15
69
65
22
58
41
A1
99
64
9A
A9
0A
6A
0A
99
5A
55
68
56
68
8A
84
51
61
22
95
44
45
65
61
86
A0
86
01
46
55
55
44
8A
66
45
2A
44
91
99
11
42
AA
22
0A
86
00
21
59
11
48
99
69
61
89
16
A4
9A
59
1A
85
4A
59
A8
81
AA
95
49
A5
A4
22
56
82
92
65
2A
50
68
29
89
9A
84
64
55
05
A4
66
A5
A9
12
0A
61
46
69
5A
A4
A0
A8
89
58
59
50
89
A2
62
94
A8
48
0A
65
59
51
45
1A
69
46
19
98
08
02
9A
A4
1A
22
15
46
05
26
52
85
61
29
54
18
0A
98
54
28
61
66
86
98
A9
A5
86
A2
28
81
59
10
A6
A9
45
AA
69
A8
98
A4
51
92
62
29
68
AA
54
05
22
11
91
58
86
A4
6A
5A
02
1A
80
29
11
96
A6
A6
12
A0
A6
96
49
82
0A
89
85
55
98
05
51
A1
96
55
4A
81
1A
16
56
00
A2
56
92
86
54
09
9A
A0
91
89
A4
A0
A1
A8
95
69
55
52
A8
41
91
62
12
99
44
42
1A
44
06
92
AA
94
AA
55
95
46
99
86
A9
59
4A
28
15
49
11
9A
85
28
11
59
11
91
48
A1
40
42
10
22
98
96
94
51
06
29
86
1A
5A
90
A5
2A
2A
A6
A6
5A
5A
95
68
01
21
85
22
26
A8
48
4A
85
45
66
22
21
58
15
46
81
95
95
89
1A
A4
42
46
AA
50
A5
24
94
18
A6
44
04
55
4A
95
04
48
64
06
A9
54
8A
96
54
0A
95
18
15
6A
95
66
56
25
A2
A9
52
2A
89
A6
A9
04
26
54
91
22
88
4A
9A
89
25
A1
9A
60
55
96
58
49
29
99
42
41
18
25
A5
5A
89
95
84
46
55
91
26
44
56
6A
92
48
65
A5
26
AA
69
86
2A
98
2A
54
89
49
4A
65
98
12
18
55
A9
56
12
91
15
46
54
26
81
0A
85
A6
05
AA
16
08
81
18
28
A1
95
A5
06
89
86
9A
A5
61
98
9A
49
89
95
88
09
18
40
A5
44
1A
05
5A
55
29
45
25
A9
88
A5
99
94
99
52
96
10
68
65
9A
60
50
99
6A
5A
A4
A8
69
44
45
1A
68
66
89
A9
69
51
AA
99
A8
65
95
86
11
42
46
45
59
58
46
65
A6
68
12
AA
62
A1
15
88
A4
65
8A
8A
65
89
05
64
51
6A
91
82
58
A1
62
90
19
A1
49
A1
59
85
42
65
60
04
96
04
28
81
05
6A
85
95
AA
50
1A
69
50
A6
54
55
A1
A0
95
69
98
26
61
52
86
46
85
22
81
9A
89
81
05
2A
28
8A
A4
A6
80
24
A9
16
2A
A1
A8
A8
22
52
99
81
11
69
89
A4
50
49
06
25
60
62
65
A1
86
19
A6
10
16
16
56
55
61
06
58
20
56
21
64
A8
69
A2
26
6A
60
98
AA
86
56
45
84
85
A4
62
69
89
95
24
55
06
A8
A8
96
66
92
A8
95
AA
6A
09
16
22
59
06
68
45
A5
A2
1A
A2
68
45
88
04
64
68
40
54
49
82
9A
49
62
16
24
4A
41
40
5A
54
08
90
24
04
91
58
58
62
00
84
19
01
2A
48
9A
98
61
AA
14
60
45
2A
80
21
8A
85
18
46
65
6A
A1
06
64
A1
A2
00
19
18
4A
A5
05
A0
9A
88
66
91
54
08
65
19
16
99
5A
81
16
98
20
18
5A
15
2A
A0
86
51
9A
02
85
A0
0A
65
AA
5A
49
91
99
9A
A6
05
12
58
6A
89
56
16
41
A8
8A
A4
59
A5
00
69
44
4A
94
86
22
54
A9
98
85
95
50
50
9A
A1
80
64
66
52
66
45
10
91
20
11
66
46
9A
A5
22
26
12
55
84
88
A9
66
99
21
82
54
25
24
26
29
52
A1
68
69
1A
42
89
25
00
54
A2
A6
55
9A
96
8A
88
09
25
94
21
59
58
50
1A
A6
55
2A
A2
98
65
80
86
24
42
65
81
A5
64
8A
25
96
54
86
6A
84
16
69
18
89
94
98
85
9A
8A
10
A9
9A
01
19
A0
69
86
86
A4
65
59
96
66
61
65
55
6A
54
A8
54
09
A9
66
88
A8
91
06
2A
92
2A
85
65
0A
84
9A
10
51
01
A0
82
05
A6
54
01
18
9A
56
66
44
41
05
52
99
68
84
96
A9
46
A8
50
10
80
8A
90
9A
64
29
64
95
68
86
96
AA
12
41
60
95
45
58
49
6A
99
44
24
5A
64
29
9A
65
84
A8
A5
44
80
A6
10
19
10
49
46
A0
81
81
22
60
64
85
69
82
69
5A
96
1A
69
86
A6
62
69
A5
28
60
82
A4
95
59
A5
96
56
5A
05
69
2A
A8
09
4A
81
96
4A
69
6A
6A
88
55
54
1A
16
69
98
44
49
6A
46
10
15
94
00
AA
58
2A
92
A9
0A
55
62
61
68
95
61
AA
A5
45
15
85
69
58
56
45
8A
A9
25
4A
09
A0
86
4A
19
54
80
86
50
46
60
64
85
91
45
56
91
92
84
00
A6
41
29
91
81
08
48
69
69
62
A5
62
82
92
2A
54
42
A5
25
02
16
A9
66
42
50
99
51
20
6A
A4
94
4A
05
54
AA
85
2A
65
56
20
1A
94
1A
16
85
A6
01
60
A6
AA
12
54
2A
09
24
96
4A
92
65
59
55
A5
09
88
95
96
8A
22
82
AA
A6
A8
69
01
85
65
15
4A
69
92
A1
04
A9
25
19
00
06
64
18
1A
4A
5A
A9
40
09
86
56
12
69
60
84
69
96
10
12
65
28
5A
01
1A
65
62
98
21
46
10
69
1A
4A
92
59
99
66
14
48
85
89
99
00
86
99
25
80
A5
A9
55
50
89
62
60
90
26
8A
11
18
29
65
91
21
5A
A8
95
42
60
85
91
4A
88
8A
96
56
42
55
95
0A
29
5A
89
62
8A
12
29
29
61
2A
08
A6
85
22
55
49
95
6A
15
A9
26
6A
54
26
06
66
94
89
64
A2
A2
12
02
6A
60
69
A5
88
95
A6
6A
81
49
62
89
A2
A9
A4
9A
84
69
A6
88
11
A1
5A
A9
4A
49
44
A6
02
6A
2A
94
A6
AA
91
92
69
94
81
61
68
89
5A
A6
16
42
26
69
69
98
68
19
69
62
10
49
1A
95
64
06
56
48
86
28
A9
10
98
25
40
48
11
82
54
55
42
99
55
16
96
A2
69
82
61
25
56
21
96
15
02
45
81
68
66
65
12
18
0A
69
A9
66
56
52
49
29
69
42
61
16
A5
02
51
98
96
52
55
A4
A0
45
69
5A
04
18
59
94
42
40
A1
A8
26
4A
AA
59
6A
42
20
25
94
58
84
66
85
85
2A
19
52
65
A8
96
69
85
85
85
59
86
41
4A
54
82
6A
49
12
11
60
05
16
61
16
52
95
0A
15
21
A1
90
AA
65
28
55
A9
9A
86
4A
5A
56
24
22
A5
49
10
AA
49
2A
10
54
11
90
51
62
91
99
8A
4A
59
50
A4
80
51
99
A2
14
41
51
66
69
95
92
09
11
91
A2
02
12
46
A1
09
54
22
A9
09
64
59
1A
A2
62
58
56
45
89
61
65
A2
48
6A
05
29
A9
92
60
A0
58
85
94
60
98
A9
91
98
2A
9A
25
20
A1
A1
99
64
16
02
51
51
58
48
48
A5
12
25
05
69
06
5A
18
69
AA
2A
A1
40
00
68
19
A4
50
4A
85
28
99
95
19
16
68
59
55
69
A6
99
26
A2
95
45
A0
09
A6
06
04
41
41
88
22
26
0A
95
5A
56
28
60
89
2A
82
45
66
88
06
A2
55
86
15
A8
96
86
A8
10
A4
05
A5
64
05
51
22
A9
89
68
06
96
29
68
96
9A
52
26
A4
08
00
86
20
AA
15
42
9A
56
09
AA
09
52
A1
0A
26
56
20
21
A6
09
04
15
49
AA
9A
19
A1
6A
95
29
94
AA
64
6A
01
10
A6
A9
10
41
55
69
68
91
A5
15
A8
22
05
58
A6
51
26
04
54
46
64
62
59
54
66
16
58
58
21
94
A1
49
82
54
A4
62
66
46
61
A2
A9
45
92
52
56
A9
24
91
40
28
4A
A9
AA
54
46
A1
41
12
54
A5
62
05
29
48
88
9A
A1
95
66
56
01
56
A9
95
88
08
2A
59
29
49
52
8A
A6
A8
99
99
6A
A2
68
60
99
04
A2
4A
05
95
94
16
02
42
8A
A5
05
84
22
50
82
AA
56
91
86
A1
95
59
09
95
A6
64
51
6A
1A
82
99
A6
68
6A
65
55
94
54
21
86
55
82
26
84
46
28
8A
19
98
52
92
86
41
46
46
51
11
A8
04
80
06
44
21
64
45
A5
11
18
94
4A
94
00
02
02
09
16
19
21
08
55
51
88
2A
41
08
0A
A4
52
04
91
22
65
01
92
8A
22
01
22
59
5A
0A
92
01
4A
68
A6
42
28
A4
69
A0
54
A0
82
4A
19
94
A1
85
81
86
94
02
A4
11
0A
9A
65
A9
14
54
2A
69
44
61
55
85
05
58
04
08
48
88
A8
8A
51
05

