82
19
45
A8
19
0A
95
14
15
90
09
62
8A
92
51
6A
51
94
91
00
00
81
04
1A
92
15
06
92
A1
A6
52
6A
99
25
98
88
19
56
01
59
16
65
04
96
A5
48
02
A1
99
52
84
22
6A
1A
92
90
A6
28
48
68
58
65
A4
4A
02
20
18
60
20
85
12
50
59
21
15
A8
84
14
28
06
25
81
29
65
59
49
46
06
88
14
9A
A5
9A
08
62
69
1A
A6
04
A5
A8
59
05
58
A9
66
1A
A2
A6
A6
59
80
92
1A
14
24
26
88
06
95
A1
68
89
66
92
69
A1
AA
94
2A
40
22
15
6A
10
A5
26
61
99
99
26
14
28
08
A1
45
59
44
24
19
18
11
55
48
44
52
A5
24
52
55
19
6A
55
9A
51
08
55
48
12
1A
51
40
A5
20
51
82
A6
21
05
20
84
0A
20
15
45
25
0A
40
6A
14
10
A6
61
50
9A
04
11
49
48
A6
19
29
19
85
45
00
00
45
14
49
24
98
10
90
2A
20
46
00
6A
21
08
00
00
12
11
22
95
08
04
A0
26
28
66
05
50
62
15
28
86
15
68
25
54
12
25
24
62
18
81
85
16
92
12
16
09
01
89
21
26
86
21
99
10
99
10
94
61
20
18
91
05
08
64
25
A4
26
10
06
22
06
24
44
22
45
2A
22
AA
A2
5A
29
44
AA
26
91
A8
91
56
2A
8A
02
50
9A
46
6A
A1
26
95
88
42
05
95
52
66
02
92
46
61
69
99
28
54
96
8A
24
65
A9
0A
8A
56
A9
85
82
95
48
A4
82
55
1A
05
5A
25
A9
5A
2A
51
69
66
52
48
85
25
46
21
8A
11
58
92
51
A4
64
A6
11
69
98
84
40
58
A5
68
6A
49
11
51
A8
46
45
54
48
A8
18
81
5A
96
A6
12
0A
15
56
16
92
92
82
05
01
40
16
14
A9
88
59
59
1A
08
69
28
96
A6
61
41
61
AA
50
6A
42
50
96
AA
40
A9
88
45
51
48
12
52
50
41
56
94
21
09
90
9A
21
52
29
05
2A
A2
6A
01
6A
14
46
51
95
18
0A
95
98
98
41
42
80
48
15
24
26
59
52
0A
56
44
92
41
25
68
11
69
09
2A
19
64
99
A5
96
60
68
85
55
40
28
10
89
59
85
A2
96
01
15
52
55
A5
91
A6
64
64
22
2A
04
81
50
91
6A
88
96
99
65
6A
A4
6A
19
A4
5A
26
22
81
69
12
92
45
96
99
16
18
26
26
40
15
A6
90
A1
A6
45
21
55
96
61
96
A8
95
5A
01
AA
69
64
98
5A
4A
2A
91
85
A9
22
91
10
92
A6
16
95
16
21
1A
61
04
62
56
AA
A1
16
05
92
26
52
19
92
A6
15
29
11
49
40
25
54
40
05
69
81
28
02
84
81
04
24
28
21
A8
00
50
A5
20
50
69
A8
50
18
55
95
21
41
02
21
92
14
04
00
14
60
4A
14
25
52
00
25
00
52
05
82
46
12
0A
4A
26
21
98
92
A0
94
06
01
4A
25
15
85
55
04
A2
59
A0
22
81
15
49
89
95
50
26
05
50
25
20
94
56
85
80
89
90
28
54
42
50
92
24
9A
96
65
A6
10
A8
28
58
A4
8A
A1
94
68
46
26
99
89
A5
56
6A
1A
05
29
56
A9
A6
94
25
2A
49
61
19
A1
24
54
94
45
46
86
82
58
15
99
09
69
45
96
04
49
16
A1
60
11
21
68
65
A9
1A
5A
60
A1
51
94
95
84
81
A5
89
86
4A
A9
26
02
95
19
11
22
5A
9A
66
A8
58
A1
56
24
05
6A
56
A8
60
45
9A
26
68
A0
8A
46
A5
22
26
0A
82
0A
AA
96
55
8A
AA
01
42
05
49
2A
28
66
9A
8A
26
05
15
52
45
19
14
A6
A5
12
5A
11
25
51
16
49
69
66
A2
69
86
15
98
A6
85
06
9A
65
8A
45
21
69
42
16
45
66
12
21
19
01
A2
22
0A
49
92
51
29
51
29
41
26
12
84
26
28
A2
01
A9
00
49
59
55
51
45
A6
51
A2
65
29
8A
45
11
65
45
02
41
09
89
41
A6
55
86
65
A6
A6
A6
98
55
8A
9A
29
91
9A
96
69
26
15
44
00
54
54
59
68
92
AA
54
55
89
98
96
A5
45
11
54
61
52
55
A2
A6
A6
59
25
55
50
A2
8A
55
85
0A
80
11
10
A1
19
14
AA
82
15
49
AA
68
28
99
0A
09
22
48
1A
29
15
6A
89
82
29
A4
96
86
54
65
19
AA
A8
10
55
55
98
6A
9A
49
A6
82
45
48
01
59
06
04
21
A2
18
85
96
25
24
40
86
61
80
04
9A
49
A1
0A
51
88
16
62
04
62
86
20
20
21
A2
A4
54
82
06
65
52
10
04
0A
8A
61
92
05
45
5A
50
41
86
96
80
A2
A5
01
01
84
02
59
99
12
A5
52
51
0A
A1
82
18
10
56
08
10
62
A4
81
20
A8
02
91
A1
68
41
09
15
12
22
A8
51
16
41
92
82
11
96
59
A2
A0
65
84
86
26
05
59
55
24
55
16
85
90
A6
98
20
06
A8
05
A9
A5
15
90
68
08
66
49
56
14
A8
96
49
A6
45
A6
51
54
62
55
A2
8A
84
59
91
41
96
19
49
6A
19
06
A6
59
A2
45
49
1A
68
A8
A4
46
1A
82
AA
10
59
AA
00
26
59
61
52
49
62
92
96
11
21
52
A1
49
41
A6
AA
02
A2
45
54
06
25
84
0A
69
A8
A6
80
15
8A
A0
1A
4A
04
60
69
45
A6
4A
61
04
55
99
85
46
22
54
95
04
52
61
2A
21
82
11
59
0A
66
09
99
A0
59
A9
AA
61
89
A1
19
69
2A
56
85
9A
8A
0A
81
16
18
85
18
A4
02
A9
4A
16
58
A9
11
52
55
92
24
98
12
92
6A
2A
45
80
4A
05
66
22
A0
65
56
A4
08
81
19
89
89
56
44
66
08
61
5A
98
28
A1
28
41
6A
05
00
29
26
4A
54
95
56
66
15
A1
A1
4A
69
89
86
24
95
58
55
56
A2
A0
62
52
20
61
96
25
81
5A
99
10
08
95
65
A9
66
25
42
4A
62
41
19
52
69
08
4A
66
05
A8
98
81
60
5A
08
96
A8
90
80
00
2A
09
65
04
44
6A
85
85
14
90
A9
15
14
61
88
55
0A
51
46
65
99
09
0A
44
52
44
69
68
A2
4A
14
A9
11
45
8A
1A
52
82
04
18
28
91
9A
49
98
62
81
A9
09
50
84
65
88
99
92
80
06
05
60
00
1A
06
91
99
41
98
1A
11
A9
84
84
85
49
08
2A
48
48
80
52
8A
89
8A
84
9A
41
81
60
65
50
46
52
46
26
82
42
94
56
09
98
21
20
A6
0A
98
48
06
14
A2
80
AA
61
96
98
20
A8
11
22
50
42
42
82
56
81
08
85
60
02
4A
12
29
2A
A1
89
49
12
99
24
89
89
61
95
65
16
88
94
A5
85
46
94
8A
95
58
69
00
40
94
66
25
62
6A
A1
60
8A
A6
01
96
00
A8
21
90
61
5A
19
02
A8
6A
A5
09
49
81
18
16
61
58
9A
51
55
9A
49
A5
95
05
9A
94
AA
16
40
09
65
06
05
16
A5
6A
10
90
6A
A9
16
06
64
01
0A
69
06
49
46
11
A5
69
60
10
52
91
52
85
20
90
80
86
88
A5
52
85
95
98
6A
06
9A
15
1A
18
12
95
A6
14
81
98
10
0A
04
6A
15
56
62
51
54
69
22
01
04
A1
95
64
A2
69
A6
19
62
95
94
62
09
80
48
84
58
86
09
66
88
42
11
84
82
05
62
56
A8
00
19
40
49
88
15
44
40
8A
6A
11
05
66
42
46
46
20
04
09
49
69
09
84
56
56
A9
92
60
5A
40
96
A4
09
56
80
96
52
85
54
89
68
96
5A
59
A4
54
A9
5A
42
A8
15
9A
16
5A
A5
9A
58
A5
94
82
59
26
82
09
16
58
21
91
9A
1A
4A
96
66
25
91
A5
98
A5
48
8A
6A
64
85
A0
22
59
98
99
14
86
66
60
21
92
2A
85
96
A4
18
49
85
62
28
81
A1
92
65
00
50
02
09
56
55
A5
6A
05
26
62
8A
11
61
65
98
22
44
45
6A
82
92
14
41
02
01
11
50
51
08
64
15
04
55
0A
61
94
92
99
91
61
2A
56
60
82
4A
58
48
24
42
88
59
19
10
42
90
80
19
14
09
25
06
12
A2
84
60
52
52
66
A4
85
25
02
21
9A
80
58
9A
65
86
51
A0
66
08
54
02
61
54
84
12
04
22
11
94
A8
25
0A
A2
61
80
04
9A
98
11
14
11
66
51
24
01
99
15
08
95
6A
08
90
4A
11
A4
69
92
85
64
4A
54
28
08
86
91
8A
15
08
51
84
65
A2
98
A2
09
52
29
08
A8
41
68
85
86
69
25
0A
55
2A
85
AA
56
55
20
92
81
42
56
8A
66
26
04
4A
11
85
19
91
A8
80
A8
90
89
24
51
A6
00
10
6A
90
10
16
21
18
96
0A
20
59
A1
02
46
A5
00
A9
51
65
66
69
92
81
29
65
26
96
99
95
59
85
65
64
1A
41
22
22
62
1A
62
18
12
A8
A5
95
66
69
A1
90
88
A9
A0
52
55
64
58
1A
60
AA
61
44
95
51
14
41
59
98
56
81
AA
50
42
8A
25
62
08
8A
96
94
51
91
68
91
49
89
11
08
21
99
64
21
58
55
66
19
21
62
59
02
1A
15
55
00
85
84
54
50
66
10
65
A5
56
16
A5
AA
54
A5
11
90
44
90
86
A9
15
2A
95
95
04
04
69
A5
04
5A
88
62
92
46
48
88
50
06
1A
84
52
45
60
56
4A
84
96
A0
01
85
9A
02
86
66
69
2A
45
15
A1
84
A2
40
AA
96
65
68
84
A5
84
40
A2
AA
8A
96
89
16
20
80
26
18
45
65
92
96
91
61
16
25
6A
14
12
94
99
61
49
56
29
50
6A
5A
29
64
A0
28
95
A9
21
42
A8
A5
01
95
41
2A
81
91
0A
66
88
4A
01
28
6A
84
81
90
06
26
60
91
46
88
10
02
80
84
26
1A
10
12
60
00
15
A9
28
A4
89
20
19
55
A5
54
00
20
64
84
48
44
6A
A6
48
62
65
9A
A5
24
96
21
00
12
22
25
84
48
00
1A
64
A1
49
01
10
80
14
02
44
1A
92
26
58
81
28
89
9A
48
10
41
82
01
A1
14
06
82
40
2A
40
89
19
A1
62
0A
20
46
01
52
21
A5
A5
A5
99
18
46
00
0A
52
55
A0
26
50
66
59
24
8A
69
48
A6
86
A2
86
48
58
20
69
49
68
69
A6
61
15
10
69
5A
18
49
55
26
49
85
AA
65
08
2A
06
44
18
90
56
16
05
40
68
60
09
56
89
51
5A
45
A5
A4
59
18
4A
16
21
80
9A
82
14
44
49
A6
16
52
51
88
66
19
80
92
45
91
19
AA
66
84
62
81
AA
26
99
A0
06
62
4A

