96
69
A8
A5
86
A4
99
66
A5
52
02
55
02
56
42
96
A2
51
A2
52
6A
65
59
56
64
04
19
15
86
A1
48
90
90
9A
99
15
46
28
88
66
82
9A
02
25
16
60
94
21
A8
82
A0
A8
50
98
92
99
92
49
21
A9
49
69
1A
51
66
2A
6A
6A
51
29
4A
6A
89
25
8A
A4
1A
19
12
A6
51
64
66
2A
A9
68
61
51
58
9A
9A
A6
24
19
56
40
1A
52
4A
65
22
84
A1
65
12
90
42
12
59
1A
49
18
12
AA
44
8A
A1
8A
49
AA
2A
69
64
A5
90
61
60
58
64
56
80
46
62
42
69
A5
51
6A
55
64
92
AA
98
52
6A
65
A9
A2
66
61
16
69
16
59
4A
90
40
A5
42
6A
AA
8A
28
10
29
05
46
96
95
51
46
5A
A0
8A
99
52
94
66
41
90
69
58
59
54
58
5A
1A
62
69
09
95
84
8A
29
95
82
A2
59
85
29
02
15
46
A1
94
0A
60
90
A5
24
5A
42
98
16
55
14
28
62
45
9A
A5
66
12
86
28
95
50
81
29
08
91
96
26
54
49
20
18
A0
69
92
12
66
62
80
2A
82
24
55
10
94
48
8A
59
51
26
51
81
A5
82
99
69
46
94
A2
A9
99
82
19
A6
41
99
A0
42
59
45
89
49
94
90
24
45
51
20
45
81
55
21
22
65
AA
84
82
A6
88
8A
5A
94
A0
96
62
65
A5
64
41
54
09
8A
A9
26
09
68
8A
96
1A
9A
04
AA
89
94
A5
62
9A
42
A1
A5
81
0A
56
1A
2A
A6
A9
29
99
25
52
AA
22
44
A8
A0
51
42
95
24
95
61
51
96
59
21
A9
46
14
49
98
15
2A
A8
18
85
85
92
44
16
8A
64
98
28
66
42
90
A4
99
15
66
85
19
88
04
10
44
60
05
95
12
98
48
4A
66
A9
85
21
94
11
59
18
26
26
45
65
46
99
95
21
82
54
99
45
49
2A
9A
96
19
55
A6
64
01
5A
46
59
16
54
48
61
41
40
42
AA
29
25
26
A4
65
2A
A4
91
21
00
56
25
85
85
6A
95
89
68
66
A1
A8
95
56
26
62
21
04
8A
51
82
64
41
41
11
28
A4
84
55
2A
89
68
48
6A
56
26
64
29
94
9A
98
28
19
22
9A
64
2A
51
52
6A
45
21
06
19
00
66
42
A2
96
9A
51
42
49
69
89
54
A9
65
A4
29
0A
10
69
99
99
A0
56
85
54
04
29
04
AA
15
09
92
99
85
6A
A1
62
42
65
98
A8
A6
28
18
29
96
25
A9
40
65
90
56
94
98
A1
A9
90
59
A9
A1
9A
A6
62
94
66
04
8A
A6
1A
12
61
59
A9
52
49
85
A2
66
05
59
65
69
A6
11
1A
12
99
4A
A6
28
64
5A
9A
9A
8A
65
65
59
21
64
19
69
45
A8
81
82
20
A1
A5
95
96
08
64
48
61
6A
8A
8A
08
12
91
84
65
98
12
A9
95
22
69
1A
50
68
88
0A
19
20
91
49
56
54
56
58
16
28
88
98
84
0A
A6
51
68
08
24
58
58
A8
4A
A9
55
06
16
91
16
81
86
88
16
1A
08
68
02
68
66
22
96
56
A2
80
66
25
95
15
AA
68
59
65
81
A2
96
62
26
52
58
45
29
1A
52
4A
89
42
21
51
66
99
50
A5
02
85
66
00
15
66
A1
A5
65
9A
98
26
11
1A
66
44
25
24
20
09
92
40
49
01
A9
81
4A
9A
96
06
82
99
85
A0
16
6A
92
54
29
02
66
64
91
1A
21
85
99
09
95
A6
66
49
98
26
A1
A9
A8
99
16
91
44
66
AA
98
55
06
A9
69
26
A1
2A
15
62
68
48
1A
88
A8
29
96
62
98
6A
28
52
90
A0
66
15
4A
98
A8
A5
5A
99
18
AA
A5
48
A5
84
04
8A
99
A5
54
96
05
28
0A
86
A6
AA
09
54
14
82
55
15
AA
59
95
99
4A
9A
1A
44
A5
14
46
6A
6A
49
A5
94
A6
80
66
25
04
95
25
59
99
52
45
25
50
1A
6A
51
58
54
46
58
5A
00
48
86
90
52
65
28
55
92
9A
61
A2
98
66
5A
59
58
5A
51
14
44
A9
A6
18
42
22
2A
5A
81
86
94
A6
A5
A4
80
9A
A6
9A
A6
18
01
22
44
A6
1A
45
90
5A
09
51
85
86
15
2A
15
44
12
A2
89
A5
82
21
5A
8A
02
52
51
A5
59
6A
26
99
1A
11
51
06
68
A4
90
54
29
19
AA
85
AA
12
29
49
56
61
96
80
10
48
51
54
A1
69
46
54
20
91
5A
29
66
54
44
6A
A1
19
85
65
66
55
28
21
85
16
80
84
19
58
29
69
19
2A
50
91
95
81
49
89
AA
69
54
01
62
A2
06
05
A5
AA
55
12
51
15
A9
59
02
95
92
56
80
59
05
A4
21
59
66
84
26
A5
58
59
56
82
88
54
A9
48
44
48
65
8A
24
45
98
62
98
24
55
5A
A6
A4
65
08
94
68
12
A9
29
69
AA
99
9A
52
56
66
90
2A
61
50
A6
81
4A
42
A9
44
9A
94
66
A2
4A
86
26
90
16
46
96
01
A6
89
16
06
66
45
69
89
A2
61
49
45
05
69
90
A1
85
19
62
AA
46
91
62
59
66
51
05
A1
1A
92
66
46
8A
18
69
14
81
A6
09
8A
18
54
56
0A
69
5A
46
98
59
08
98
4A
50
46
44
05
26
5A
46
A1
AA
88
6A
29
89
86
22
4A
55
89
90
6A
69
18
91
50
A4
96
19
81
54
55
1A
52
94
A9
46
51
45
09
88
A9
A1
4A
41
95
50
89
89
91
66
9A
45
4A
66
12
15
61
4A
25
52
42
8A
55
96
A4
28
64
A4
92
A9
55
A2
00
90
A1
94
5A
9A
46
A5
A0
15
15
AA
64
52
66
85
A9
51
29
A5
48
56
58
11
94
62
4A
19
6A
22
05
49
56
01
66
90
82
42
41
52
A9
66
8A
18
12
5A
AA
82
66
26
99
48
80
56
98
AA
82
50
50
59
AA
65
40
64
54
AA
29
25
18
54
02
51
41
42
29
99
98
66
14
69
44
46
44
48
21
54
65
42
15
98
50
00
52
A2
A4
2A
56
12
62
41
56
6A
A8
88
64
02
20
46
46
59
26
21
95
AA
61
69
61
10
26
90
A5
4A
A9
5A
60
12
44
52
64
22
44
4A
A4
15
48
6A
48
88
09
24
29
12
15
65
24
89
44
90
24
41
AA
28
6A
86
1A
42
10
56
1A
80
8A
50
44
41
58
98
4A
44
90
48
00
A1
2A
1A
08
14
8A
A2
A9
65
66
A2
15
99
94
11
6A
09
51
99
96
88
01
A2
11
69
18
22
25
8A
92
84
59
01
9A
8A
A5
A9
55
25
81
06
52
86
1A
86
16
54
96
42
10
18
15
01
A8
5A
16
54
A9
A2
98
19
A6
A0
11
56
8A
85
5A
5A
85
08
9A
25
54
A1
25
AA
10
42
29
28
4A
A9
5A
56
96
82
A8
6A
8A
16
10
88
29
66
98
09
69
A8
66
8A
58
A1
55
16
51
50
15
AA
69
58
46
14
A4
51
51
94
A8
68
91
91
11
6A
98
A1
66
55
15
5A
65
98
41
8A
25
61
22
21
AA
61
66
25
66
98
4A
46
6A
51
06
15
18
16
22
8A
28
62
22
15
52
15
A1
19
00
11
86
26
55
92
A8
99
09
A8
8A
55
99
26
52
22
5A
11
66
9A
A0
55
8A
0A
9A
10
98
85
56
46
55
68
5A
61
45
64
68
90
51
61
5A
29
45
85
54
A8
96
A8
26
56
54
6A
99
60
94
90
4A
50
16
52
66
AA
99
69
91
A6
59
1A
94
54
22
AA
91
54
05
06
A5
45
02
26
58
A5
52
48
95
65
55
2A
09
61
51
59
81
16
98
64
12
6A
56
45
54
69
62
12
85
89
2A
68
90
A8
26
9A
91
46
45
2A
29
95
82
55
88
99
28
24
59
99
4A
91
16
91
02
0A
A6
45
51
95
21
84
62
6A
14
82
26
22
88
4A
90
52
91
28
01
A4
89
66
96
A8
99
A5
62
88
64
2A
10
51
80
05
A6
6A
54
A0
6A
95
59
44
45
A5
A2
16
5A
24
4A
29
90
00
95
69
61
56
58
52
9A
96
A8
A0
AA
61
89
40
92
45
AA
1A
52
14
28
65
91
66
85
50
99
65
59
02
52
69
94
68
22
58
52
91
A0
16
A6
88
A5
51
85
18
A4
42
A5
A6
92
19
A2
96
40
49
A2
98
6A
AA
11
5A
8A
9A
6A
98
99
6A
10
A4
45
59
46
66
00
46
69
52
56
09
91
08
09
42
92
85
82
A9
86
86
6A
55
86
62
A6
A0
56
98
66
99
48
4A
9A
AA
15
08
96
86
99
65
A8
99
29
29
AA
81
A9
04
86
08
09
51
A6
A8
19
21
8A
2A
24
86
99
04
A6
48
45
8A
64
12
64
04
69
15
02
56
AA
16
2A
A0
2A
9A
55
A5
61
26
0A
55
5A
14
A1
28
A4
A1
91
46
24
80
55
88
61
02
92
95
28
96
88
10
45
5A
60
A2
9A
40
56
40
96
15
85
19
99
51
5A
08
69
5A
5A
82
52
A9
19
60
A9
A9
49
56
18
44
44
A6
A2
11
96
66
85
15
A6
16
28
20
60
69
A4
2A
52
92
66
5A
44
88
45
A2
A0
24
52
95
92
29
8A
AA
6A
19
22
89
96
44
51
82
84
20
99
24
90
46
58
59
98
2A
68
56
8A
01
85
02
86
A5
22
20
61
64
A2
8A
46
80
44
4A
58
59
18
86
62
46
9A
A6
80
90
98
54
1A
89
54
9A
91
8A
64
06
29
05
85
40
44
58
61
09
55
A8
50
41
90
99
91
85
14
15
86
06
98
5A
64
46
02
54
91
60
45
18
84
52
02
2A
9A
26
11
41
52
81
66
58
64
1A
64
12
24
94
56
48
54
12
A4
61
94
80
42
98
81
06
12
42
95
12
24
5A
59
84
95
96
05
12
19
18
24
65
65
A6
95
84
86
A5
90
95
46
89
52
9A
10
88
64
29
91
A9
54
12
69
80
29
50
1A
45
89
15
29
65
86
55
19
20
62
A4
29
A0
00
9A
46
6A
A5
48
19
A0
91
62
59
44
68
56
A4
A9
56
98
41
59
25
95
11
66
A8
98
1A
16
A6
A5
61
8A
6A
6A
AA
5A
A2
A0
90
16
92
41
A9
66
05
99
14
85
94
0A
0A
95
65
94
88
91
A1
52
86
88
09
5A
95
AA
62
91
88
AA
16
6A
21
82
55
26
05
96
46
69
55
06
94
68
60
A5
4A
49
06
82
69
55
94
84
29
26
A8
4A
66
99
91
05
18
29
A0
59
69
1A
49
09
86
48
14
11
A5
58
88
29
2A
81
60
80
15
59
25
62
61
49
9A
19
55
5A
26
5A
21
59
69
59
40
A4
90
09
65
00
01
18
08
AA
00
01
28
91
64
06
94
54
51
14
68
11
90
99
95
80
61
21
60
09
94
91
64
55
68
25
16
A6
45
42
98
A9
16
45
25
A9
82

