24
09
00
09
50
08
21
00
26
14
24
A8
28
18
26
28
28
24
20
28
14
A8
16
14
14
28
02
14
04
55
24
18
24
24
00
08
14
10
A5
99
28
06
28
28
24
24
A5
18
10
2A
26
A8
1A
22
18
04
28
20
68
00
09
19
28
26
04
00
29
08
A8
09
84
02
08
4A
18
08
66
00
A4
24
24
10
09
28
62
99
24
14
08
28
A4
02
02
80
A0
68
66
14
29
12
21
18
29
29
04
24
04
11
14
24
16
19
24
95
44
22
98
14
98
0A
68
A9
84
24
28
98
24
04
14
04
48
64
14
14
24
40
90
A5
A6
58
69
10
25
94
14
41
A4
94
46
16
8A
04
96
95
84
14
88
A5
04
64
59
04
56
08
06
08
14
14
45
04
16
10
6A
16
29
A8
AA
18
1A
60
66
10
54
24
21
15
24
68
08
04
04
98
A8
A2
46
8A
95
19
9A
04
88
54
61
A8
58
11
1A
02
92
58
04
44
14
90
04
46
15
99
1A
44
10
08
59
64
28
41
94
A2
80
48
48
10
22
6A
25
A1
A9
85
1A
96
A6
48
24
00
95
28
18
94
2A
01
A0
11
16
18
A0
60
9A
18
86
05
25
18
16
42
5A
52
06
AA
15
94
08
69
94
29
81
69
25
05
AA
68
24
02
12
59
15
22
42
88
24
46
94
14
02
0A
2A
09
20
04
68
00
24
49
58
5A
28
12
26
22
1A
0A
18
18
04
28
20
08
A4
42
08
24
00
06
08
2A
62
28
28
04
28
04
09
02
14
20
64
0A
24
88
1A
08
0A
08
15
61
08
1A
18
21
10
06
18
28
15
04
19
20
04
29
64
60
68
00
0A
24
09
0A
24
08
02
0A
14
2A
24
12
18
08
08
15
14
04
24
10
10
19
04
08
9A
55
A2
01
95
98
56
A4
80
99
59
94
09
A1
6A
52
82
58
26
16
85
2A
A0
45
29
88
A6
9A
1A
61
16
52
2A
A8
05
80
51
51
26
91
A5
68
61
92
16
4A
61
28
A6
66
00
52
29
68
65
56
A6
82
15
6A
92
09
85
8A
68
68
66
62
25
68
64
4A
92
9A
9A
98
26
19
95
4A
A5
51
A2
A2
16
68
49
06
80
29
49
4A
84
51
98
A9
A5
A6
50
A8
45
A0
81
64
65
80
12
45
99
58
12
A1
96
15
59
A6
88
98
19
20
94
41
A9
86
91
65
52
55
04
62
A1
81
12
16
62
4A
18
A5
A4
89
22
A0
99
66
6A
12
26
84
A6
AA
96
85
44
6A
22
84
12
21
65
15
69
96
95
A0
88
88
55
88
89
56
56
45
59
19
55
61
50
4A
24
16
51
65
A9
80
26
A9
04
16
18
56
50
A4
85
A6
92
A8
89
68
A6
55
55
A9
2A
24
1A
18
65
59
68
19
68
A5
06
8A
2A
56
4A
5A
A9
A4
58
99
66
69
16
18
62
90
85
06
69
46
99
4A
4A
8A
94
95
A9
65
6A
9A
52
A2
2A
08
29
94
5A
99
50
6A
89
86
91
A5
55
92
91
24
15
24
80
40
0A
81
A1
58
42
6A
A9
AA
94
16
50
59
A8
48
A2
94
56
66
96
58
A8
40
86
25
50
6A
A2
68
12
16
68
6A
00
46
45
10
65
6A
29
5A
66
65
2A
8A
A1
1A
10
81
12
04
80
A1
0A
20
6A
14
A1
45
68
11
22
00
91
02
62
2A
45
16
58
82
14
56
99
22
51
14
AA
66
69
0A
65
84
22
64
40
20
66
82
41
94
81
14
56
46
89
66
01
25
60
95
4A
52
55
59
19
1A
A9
96
60
25
55
51
0A
11
AA
28
64
29
84
86
95
66
44
96
06
88
99
1A
94
15
12
96
4A
9A
86
86
65
5A
19
69
A5
55
60
60
99
42
14
00
69
92
41
54
42
59
66
04
92
58
2A
42
8A
49
5A
89
A8
60
25
A6
55
45
89
8A
22
46
19
95
A4
8A
41
56
80
1A
60
80
5A
A2
66
89
55
15
92
A4
40
8A
95
82
94
42
16
2A
42
81
66
64
91
A8
9A
2A
52
68
15
16
65
A5
89
84
A6
0A
A0
18
55
1A
92
99
09
44
2A
00
1A
66
00
16
21
99
08
98
56
5A
99
84
A1
5A
1A
88
49
A6
A5
59
AA
99
A9
0A
95
9A
16
55
19
22
91
85
65
06
A5
0A
60
2A
88
51
89
29
8A
01
22
99
28
AA
58
09
56
65
99
54
14
62
68
01
54
99
08
19
51
9A
59
06
60
08
94
96
A4
11
5A
A0
2A
11
95
62
92
18
62
46
96
26
8A
48
A5
2A
56
28
92
1A
15
96
95
61
A6
AA
91
61
92
89
A2
61
51
85
94
9A
41
89
44
98
40
61
1A
90
49
25
29
88
A5
60
50
51
56
04
54
92
88
45
54
48
59
A9
A9
64
14
86
54
40
69
8A
65
16
55
26
5A
50
59
26
42
65
5A
96
65
61
25
62
A5
A9
91
88
62
55
64
44
81
22
02
24
50
19
66
6A
49
15
59
A2
59
09
99
81
15
45
62
9A
24
98
41
55
49
6A
2A
61
00
A4
A4
55
0A
58
A6
12
64
16
22
A0
41
11
A1
90
19
1A
89
06
11
10
58
90
89
21
21
85
5A
59
A4
2A
51
86
66
66
82
84
60
19
55
A6
60
88
A8
92
56
5A
A8
65
16
86
A2
5A
00
99
99
42
64
86
00
21
64
96
26
86
15
86
41
12
16
88
29
A9
04
86
A2
1A
50
0A
00
65
62
68
A1
85
16
14
51
58
1A
08
96
81
AA
A6
58
92
AA
20
85
96
A6
06
A6
96
A1
92
A1
90
58
5A
15
96
06
58
18
95
50
68
5A
44
5A
5A
98
9A
15
46
59
A9
4A
2A
2A
99
46
05
66
84
54
A6
19
52
2A
50
AA
10
50
94
98
56
64
49
49
20
51
60
A5
5A
24
6A
98
60
25
A8
85
66
65
50
84
1A
08
46
A0
A5
54
61
66
80
01
5A
A9
94
A6
6A
55
54
48
9A
59
6A
46
58
52
16
21
98
48
98
2A
2A
60
20
08
12
A1
95
68
94
A8
61
52
16
2A
6A
51
91
89
0A
55
56
4A
68
60
91
6A
91
94
2A
61
86
51
56
29
54
82
15
66
42
69
55
A0
94
59
26
9A
19
14
18
8A
86
5A
95
14
00
95
41
2A
A1
66
29
A0
96
A6
64
A9
21
62
A2
64
95
18
81
88
16
81
62
65
8A
A6
29
02
95
99
45
9A
98
66
80
65
06
19
0A
68
99
20
09
46
66
50
01
80
81
94
66
92
51
44
29
48
A5
61
05
66
02
0A
99
66
99
A5
5A
08
41
6A
4A
5A
65
44
41
91
06
21
56
85
A6
5A
56
54
45
89
A2
22
66
59
80
94
95
40
1A
55
49
59
29
25
4A
59
A5
00
86
86
54
15
28
11
45
50
21
95
84
6A
41
84
52
04
85
A1
54
84
19
A6
12
55
90
29
A2
08
92
94
29
58
86
69
80
11
9A
26
56
26
0A
89
21
54
5A
1A
21
A8
99
54
86
61
58
98
52
84
28
44
AA
11
29
99
82
52
A4
81
25
19
0A
A6
54
58
94
24
54
9A
0A
56
81
8A
0A
84
99
58
02
62
5A
88
09
88
15
60
60
29
90
21
A8
9A
56
51
46
56
44
59
04
05
65
96
A9
52
25
21
95
51
45
82
85
0A
9A
65
59
11
66
06
99
69
18
A5
6A
2A
A0
A8
26
90
29
AA
21
95
16
9A
A6
89
45
56
15
98
18
10
59
52
56
89
2A
5A
24
51
A5
56
96
9A
4A
56
44
06
18
0A
5A
81
5A
98
59
0A
9A
50
9A
14
64
24
65
62
5A
54
A0
A6
01
64
94
28
A5
AA
19
49
42
66
44
80
96
65
1A
84
96
59
22
45
8A
56
85
16
A5
A6
55
4A
9A
15
25
94
66
91
18
A1
88
18
52
15
14
19
16
58
04
A5
92
66
26
96
82
21
1A
66
A9
49
A6
1A
58
68
95
29
44
A4
11
A5
90
52
20
69
24
41
84
A5
95
59
96
AA
A5
64
6A
86
29
61
92
60
95
AA
61
18
8A
54
A2
11
18
45
25
44
19
29
62
59
5A
6A
82
9A
18
1A
21
49
61
9A
52
16
65
6A
58
64
19
28
96
08
88
02
65
85
60
85
08
59
25
20
AA
08
62
16
65
20
01
21
A1
68
6A
29
69
9A
26
A4
12
86
59
04
A5
12
0A
68
95
84
4A
46
99
A6
49
2A
22
90
95
A2
14
59
89
21
21
02
68
59
59
91
98
29
25
50
5A
A4
15
92
5A
A4
81
41
A8
68
50
29
69
69
66
95
16
5A
A6
64
86
A6
49
11
51
A4
60
06
82
82
00
16
0A
06
18
9A
A1
9A
61
28
46
6A
65
92
4A
85
92
14
16
84
2A
05
05
08
16
59
4A
16
12
84
AA
90
99
66
A8
96
55
61
99
21
69
14
1A
65
98
62
66
51
81
96
6A
A6
8A
69
00
92
41
11
20
A5
52
58
64
56
28
50
96
80
54
05
61
01
00
60
29
A5
49
25
55
81
56
A5
45
01
58
45
26
94
A2
2A
12
25
4A
41
A4
90
19
54
94
24
84
66
20
89
0A
82
18
42
04
A5
85
86
02
89
81
A1
45
89
99
42
6A
22
40
6A
52
06
95
41
51
21
41
28
1A
56
44
9A
A6
6A
14
98
59
61
1A
A0
95
82
06
89
55
85
45
59
69
A4
05
55
46
65
49
06
12
99
14
51
19
58
05
A6
21
12
50
41
99
85
44
21
55
4A
50
69
54
06
0A
AA
02
65
41
85
A9
2A
56
51
99
48
99
A6
20
A6
59
A5
04
9A
42
45
16
48
29
29
A1
28
A0
8A
19
01
46
06
11
25
99
6A
A5
86
42
9A
96
60
AA
69
A9
96
80
96
4A
0A
06
9A
66
56
A9
A1
51
96
12
A9
60
90
84
50
94
52
91
61
52
A6
11
85
A6
86
66
98
55
26
69
09
55
52
56
09
05
02
A9
9A
85
48
61
45
92
84
A8
65
25
54
26
65
A5
52
88
91
58
9A
50
61
55
54
A0
22
A9
10
A6
65
92
5A
1A
11
66
A5
65
51
0A
89
AA
55
55
51
66
21
64
16
A8
81
65
56
90
41
61
06
6A
44
89
90
19
49
9A
5A
18
A8
A4
95
88
68
16
94
60
AA
58
06
98
65
98
11
52
62
42
18
0A
A2
50
A6
55
26
59
61
91
AA
8A
5A
41
86
96
A6
A4
96
12
59
56
18
09
2A
A9
21
29
19
46
81
45
A0
91
55
95
90
48
25
90
05
99
54
14
49
52
19
28
88
59
00
86
22
6A
06
29
06
15
21
8A
28
00
A6
50
22
6A
05
16
45
8A
65
91
28
A2
25
45
51
41
6A
01
55
09
96
58
2A
08
89
80
42
82
08
65
85
09
20
1A
58
A5
09
41
20
61
85
29
42
81
86
A8
69
26
12
26
56
11
28
96
64
55
40
4A
08
62
88
89
22
95

