4A
84
28
69
60
18
69
14
20
9A
09
52
24
5A
52
11
50
68
58
25
90
66
42
5A
69
9A
96
89
82
A2
14
86
16
A5
A0
58
50
24
9A
82
12
49
55
A6
98
96
42
59
55
14
49
14
24
80
2A
80
44
02
A8
02
86
09
5A
46
19
49
2A
09
95
4A
66
54
A4
48
20
52
46
A1
86
48
9A
15
A1
1A
90
90
A2
A5
59
52
41
2A
09
89
81
91
56
15
29
2A
81
52
99
0A
58
09
5A
4A
99
0A
95
2A
A6
A5
66
51
00
1A
10
65
99
66
08
68
29
5A
40
AA
95
40
69
28
15
55
84
85
46
6A
69
42
66
86
49
54
95
29
4A
0A
A0
99
A2
98
09
A1
15
64
0A
26
82
94
28
62
28
96
49
A2
41
44
A2
51
88
91
56
51
94
25
A5
45
6A
25
A9
A9
89
59
51
A6
49
A8
81
2A
94
45
42
88
91
65
8A
4A
A0
55
02
24
14
28
58
94
00
04
16
96
52
A9
AA
5A
24
12
84
52
01
80
40
02
94
66
48
05
2A
29
0A
68
22
14
60
00
42
04
41
46
82
A1
20
29
A8
25
24
16
12
16
52
A4
01
59
19
06
8A
18
A2
0A
04
55
20
48
A0
80
09
22
88
88
05
A9
02
90
4A
A2
00
04
9A
26
4A
24
4A
08
05
52
50
50
05
68
05
60
19
14
4A
AA
60
16
40
A2
4A
A8
A2
50
58
89
91
66
58
16
45
56
08
69
1A
06
28
50
A4
26
58
65
94
25
08
A5
24
12
50
49
56
58
06
A6
99
28
25
59
6A
94
48
25
88
41
9A
09
25
94
96
65
96
A6
54
A4
26
19
84
19
89
1A
68
8A
96
A6
20
8A
18
1A
A2
21
09
61
92
95
95
42
A1
66
42
64
0A
1A
28
18
42
50
46
05
01
09
80
92
96
94
A0
68
A4
0A
28
99
10
65
84
42
88
19
68
69
65
01
AA
12
A1
19
95
A0
05
44
94
05
A5
04
46
54
91
66
64
29
68
AA
AA
18
50
A6
09
95
2A
15
69
A5
08
62
68
65
86
08
61
62
52
96
18
60
40
65
A0
09
AA
A0
62
66
2A
0A
18
62
2A
89
91
45
A6
18
A9
A4
4A
A2
88
55
15
1A
20
62
A8
05
12
84
28
54
A1
98
A5
60
A6
5A
60
66
16
66
19
0A
95
60
5A
92
86
66
5A
64
21
89
59
69
10
9A
8A
42
69
65
99
68
64
24
A8
64
A1
06
65
84
5A
19
95
6A
A1
84
90
52
06
91
55
66
06
A1
12
A2
52
5A
92
80
85
90
64
42
58
00
68
1A
15
68
90
A9
9A
86
A8
88
A6
62
84
88
24
26
28
59
15
26
68
45
99
81
69
5A
10
80
62
A8
48
90
05
92
90
68
A6
02
26
08
50
04
91
9A
18
41
40
80
06
18
24
06
A9
80
22
2A
44
28
08
14
18
29
11
10
10
11
15
20
A9
06
22
89
A0
64
29
14
25
80
94
86
40
99
00
40
65
A0
58
06
01
1A
A1
46
16
00
11
04
68
20
19
A8
20
28
84
14
90
A4
88
44
12
20
29
59
15
26
9A
09
50
08
50
16
66
98
94
05
48
A6
A0
42
42
A9
95
86
49
68
52
19
56
61
4A
96
50
40
04
59
48
81
1A
50
65
58
0A
64
A0
59
21
2A
99
55
4A
A2
08
52
46
61
1A
69
96
01
62
4A
68
11
5A
18
0A
66
65
68
18
82
50
55
84
94
99
59
06
18
95
A1
55
45
29
58
29
92
60
89
24
19
A5
A8
52
A1
A1
A5
45
80
56
A5
80
08
69
04
AA
A5
49
4A
56
66
00
51
40
42
52
42
18
18
51
64
52
56
88
29
98
5A
AA
54
55
66
A2
8A
88
52
85
A2
A6
56
0A
19
66
21
89
15
26
A1
28
2A
0A
1A
56
98
45
16
A8
66
5A
A9
52
A5
19
10
A2
5A
11
5A
62
25
48
99
52
22
95
81
29
25
64
66
42
A1
A0
86
A6
56
98
A0
82
56
A9
68
A6
25
A8
89
86
A5
A5
64
A8
59
A6
91
00
95
18
18
61
40
19
56
29
80
A0
06
12
6A
59
55
8A
18
85
A5
56
26
95
48
12
8A
90
A9
90
29
56
A8
14
A8
88
A9
5A
6A
45
A5
94
20
91
61
59
42
06
54
A8
51
01
61
52
56
05
98
41
1A
25
88
22
11
44
9A
46
45
29
95
04
54
02
09
52
42
5A
42
51
06
59
51
54
68
56
50
59
60
05
A9
1A
5A
56
99
51
96
A8
68
A1
86
4A
15
11
21
89
42
14
54
02
A9
41
2A
00
16
09
92
62
99
52
A0
01
52
A1
60
16
A2
20
90
60
94
82
94
5A
06
52
28
56
00
60
02
28
16
24
21
11
2A
08
16
01
01
41
56
0A
0A
06
52
46
15
22
52
09
06
86
1A
00
A1
21
41
8A
09
A1
28
09
85
A9
08
A1
91
09
A1
0A
89
42
19
19
24
20
56
66
11
68
14
29
2A
A5
60
81
40
40
85
08
66
49
80
96
69
81
25
26
59
66
A4
46
4A
66
9A
A4
69
9A
41
61
A4
95
0A
16
18
85
A9
18
A2
09
A9
56
54
9A
61
44
92
66
A1
96
81
18
59
91
28
46
09
A6
96
98
81
49
22
66
18
A2
10
09
00
09
14
40
08
A0
A4
06
92
A6
46
69
06
5A
64
61
08
25
81
41
89
66
95
1A
86
A0
20
98
45
45
44
55
5A
98
82
42
A0
91
11
28
00
95
18
44
26
15
45
40
A5
11
89
85
48
06
42
8A
96
80
A2
48
96
14
11
56
A6
A9
69
69
81
90
56
80
19
88
49
99
84
A0
62
41
86
94
62
00
40
84
50
88
92
16
82
16
52
66
21
4A
20
44
48
91
52
66
00
65
16
A5
99
21
8A
44
4A
0A
66
25
11
A4
6A
89
29
65
48
24
62
14
65
55
84
29
A9
92
6A
51
29
62
94
25
09
56
06
94
26
20
11
8A
92
94
60
96
69
69
96
81
69
66
95
80
89
66
95
19
60
68
08
A6
52
61
64
9A
51
82
98
65
A6
26
99
25
18
68
51
96
8A
15
96
08
88
55
68
45
09
99
51
2A
19
29
89
8A
9A
59
8A
A9
00
A6
5A
82
50
90
A6
66
16
A5
19
12
A9
45
00
90
A5
A6
9A
61
8A
15
AA
9A
99
8A
68
18
24
05
14
A0
46
40
48
24
22
21
42
98
20
2A
12
90
50
08
A6
61
98
00
19
09
61
48
65
48
0A
24
66
A2
80
82
42
50
1A
65
01
92
49
64
10
20
06
14
98
69
02
04
A4
18
0A
06
45
20
90
90
26
41
44
29
48
51
86
88
25
89
20
10
44
09
88
64
96
15
68
0A
29
00
60
A8
99
49
08
85
06
8A
82
69
45
55
51
69
86
80
62
14
81
01
60
16
A1
94
29
66
02
14
5A
20
66
A9
96
68
19
A2
41
08
51
40
82
66
1A
95
51
A8
29
86
2A
26
61
58
A5
99
A6
8A
4A
04
41
A4
A8
91
00
56
01
86
61
84
42
55
98
8A
12
84
0A
65
A2
A0
A6
49
AA
01
51
A0
05
51
05
00
62
88
21
68
19
00
82
65
61
12
26
44
51
55
88
96
86
86
96
A2
10
66
58
04
5A
0A
22
6A
4A
1A
86
95
86
06
94
0A
A1
15
62
2A
62
A4
0A
89
88
51
54
29
95
59
A6
6A
16
50
59
AA
68
09
09
65
A5
65
59
9A
12
95
1A
22
15
0A
91
46
99
15
14
50
15
46
46
81
99
91
58
05
12
85
AA
84
9A
A4
41
6A
26
42
22
9A
29
04
29
1A
16
48
4A
A6
59
55
51
16
84
9A
91
08
62
86
99
9A
59
18
95
24
24
91
22
28
46
29
59
09
19
14
A5
66
66
21
18
58
08
64
69
92
98
0A
51
A8
69
84
19
94
29
20
96
15
00
19
AA
01
A9
69
28
99
46
89
95
28
59
A5
A5
68
46
95
4A
25
A2
49
44
59
86
94
81
90
62
68
51
AA
65
A6
46
01
62
A9
01
16
84
62
45
65
44
51
16
40
91
85
28
16
61
86
01
58
91
0A
6A
89
AA
46
49
81
28
60
06
88
95
04
84
29
A1
49
86
44
90
02
44
60
94
99
21
42
88
28
94
1A
40
4A
A5
00
80
05
94
80
40
14
85
92
92
51
91
24
1A
49
06
89
09
29
21
A9
02
10
88
62
10
40
50
29
20
68
94
41
85
A1
6A
24
80
98
50
20
22
25
40
20
08
A5
66
01
98
84
99
28
89
00
04
92
41
1A
A9
06
01
49
51
4A
A0
99
26
24
A4
49
69
12
09
9A
84
61
52
A9
98
AA
29
6A
5A
26
12
48
4A
15
16
86
96
20
95
60
4A
68
22
A5
8A
40
69
AA
64
45
21
80
92
6A
54
89
92
58
26
A4
A0
A6
12
6A
28
18
11
11
98
A8
99
69
A9
51
62
94
26
49
19
24
20
50
62
A2
46
19
26
26
58
59
48
56
64
50
04
64
02
01
54
51
1A
29
48
48
88
05
56
08
24
51
06
45
A5
05
69
01
45
88
1A
84
4A
89
4A
00
1A
A5
12
86
86
8A
5A
41
68
50
15
68
19
91
AA
06
20
68
2A
85
02
56
16
91
0A
94
56
05
29
19
66
44
01
20
2A
01
85
22
81
00
A6
82
02
4A
26
A1
00
24
25
25
91
02
66
62
42
8A
69
65
26
62
44
5A
49
59
8A
52
A1
56
62
99
26
11
A1
51
A5
A9
28
20
04
86
59
99
89
9A
04
46
A5
09
A5
82
14
22
9A
A2
65
10
89
69
85
85
90
A8
20
0A
69
40
8A
08
25
99
A9
09
61
80
A1
85
A1
9A
96
6A
08
5A
64
A4
55
00
02
51
56
A2
91
1A
24
98
86
61
69
14
49
29
99
84
60
6A
62
6A
56
02
05
0A
22
45
A9
55
55
80
98
92
AA
06
41
AA
6A
1A
65
80
90
22
66
A6
44
68
24
50
AA
80
55
04
58
01
80
4A
A0
88
09
58
88
56
A4
15
40
00
50
14
18
40
4A
01
89
0A
40
12
20
85
06
40
86
A1
A0
05
42
26
81
01
04
11
22
02
44
A9
15
A0
28
50
80
41
92
12
62
80
12
A9
41
28
82
49
65
80
88
00
01
40
00
52
10
40
04
12
20
22
1A
01
9A
24
24
49
41
29
18
4A
95
05
81
91
20
44
28
19
94
05
95
40
40
94
12
54
A8
42
A0
A4
44
91
60
62
1A
A5
00
95
92
42
92
01
21
52
8A
94
99
20
86
56
02
60
11
00
21
1A
6A
66
08
15
2A
95
0A
99
68
52
10
12
61
11
50
95
09
04
21
92
80
A9
69
99
02
42
56
88
91
1A
A2
44
50
5A
99
2A
96
40
52
02
55
85
60
A1
84
92
26
44
49
99
85
02
A1
6A
8A
8A
98
68
AA
65
55

