96
92
61
92
AA
92
82
92
95
9A
55
96
96
69
92
65
65
96
92
AA
9A
92
A2
65
65
96
65
9A
45
96
05
86
65
69
65
65
65
69
96
69
61
55
65
92
51
69
92
61
9A
69
96
69
61
45
28
9A
59
54
AA
51
61
41
8A
92
86
45
8A
41
41
65
82
61
81
92
8A
A6
92
A5
8A
61
61
96
92
52
61
96
29
9A
65
1A
92
69
96
9A
5A
16
9A
61
61
61
61
9A
65
96
69
A2
91
92
5A
49
96
9A
61
81
9A
82
55
96
A2
45
64
61
96
59
96
82
92
94
96
9A
96
69
65
61
9A
96
9A
69
96
65
65
65
96
9A
69
65
96
96
61
5A
96
5A
61
65
69
61
4A
9A
96
69
61
86
49
96
86
94
45
9A
96
8A
5A
9A
98
A1
82
AA
92
9A
65
69
96
96
65
61
92
96
96
45
04
65
9A
61
92
65
41
61
49
9A
A2
42
96
69
A5
A9
55
96
5A
86
41
49
96
8A
65
16
61
69
92
96
65
61
61
94
A2
82
96
28
96
65
65
69
52
9A
82
48
41
21
82
28
A2
8A
A5
92
69
96
92
94
96
52
59
69
A5
92
65
56
9A
92
49
61
65
26
8A
69
61
A9
45
49
61
9A
45
44
A1
61
96
65
69
96
65
41
51
69
24
9A
61
49
92
20
A2
88
50
9A
42
54
A2
92
A9
61
61
49
92
88
9A
A1
86
A2
8A
92
8A
65
49
82
9A
69
56
92
90
9A
9A
8A
65
66
45
69
61
61
96
96
92
92
65
94
61
9A
96
96
92
A5
65
68
92
65
92
9A
61
69
41
48
AA
61
49
92
61
9A
89
9A
65
61
69
9A
86
55
45
9A
69
69
58
65
16
96
69
9A
69
5A
65
A1
81
61
90
A5
61
5A
A5
92
92
61
22
14
18
11
84
84
84
61
14
96
95
A5
95
18
0A
26
06
A0
25
29
16
98
86
A5
04
98
5A
86
29
86
54
A9
92
40
48
22
29
49
99
48
0A
59
5A
64
59
61
A6
26
94
58
A4
08
19
02
1A
94
68
15
A6
48
52
18
15
16
A5
21
A5
58
92
49
01
21
A6
02
46
41
A9
49
9A
09
09
95
05
04
48
05
58
85
62
56
26
62
25
86
96
96
96
20
48
69
52
84
1A
49
20
94
29
95
94
64
81
09
29
A0
96
A5
65
90
18
21
86
68
04
60
A6
86
A1
11
54
01
86
46
45
52
85
85
6A
6A
85
02
24
42
A5
15
51
66
21
22
2A
09
A5
59
92
1A
8A
94
11
A5
42
69
62
22
96
65
A9
A2
80
A0
16
91
86
86
29
A6
90
02
80
11
28
68
84
22
29
5A
12
92
91
5A
68
48
94
19
52
48
18
08
05
84
22
80
24
49
6A
50
4A
94
A4
52
24
59
49
42
22
80
09
A1
18
04
08
04
62
41
10
90
06
61
A2
69
80
8A
A5
85
04
81
16
00
00
28
40
94
6A
26
52
0A
10
49
20
85
85
A4
40
02
0A
50
82
21
21
62
48
12
12
0A
5A
22
00
10
14
84
41
64
A0
08
91
6A
44
94
40
A2
29
0A
18
05
A4
84
08
5A
80
10
88
54
6A
85
64
22
51
18
94
09
84
A8
65
69
18
60
98
05
92
12
59
56
A5
45
50
25
50
99
A2
A5
58
46
91
5A
09
49
A1
99
82
65
62
A1
6A
92
14
66
81
24
88
54
04
82
A5
96
18
68
25
20
86
40
66
48
19
A2
8A
84
61
28
80
22
49
51
6A
A4
48
1A
92
62
59
68
4A
91
08
26
69
2A
1A
09
96
49
06
25
92
96
A6
09
52
85
9A
84
85
56
14
64
50
14
8A
58
02
AA
44
84
99
90
86
44
10
5A
50
01
85
04
10
66
41
91
AA
02
89
A1
A9
15
91
11
86
88
29
85
69
94
A8
A1
56
85
06
29
96
01
A9
A2
11
A4
91
45
6A
50
88
A2
51
58
88
91
66
59
10
49
5A
89
22
59
46
44
9A
40
A5
62
62
52
15
16
20
0A
49
06
11
56
56
22
46
46
86
85
96
29
90
68
61
96
29
22
A2
14
8A
A2
24
98
80
96
16
91
05
98
45
A6
55
A2
94
A8
54
20
52
89
8A
56
51
1A
56
41
A9
65
54
25
54
19
46
01
A9
69
16
5A
21
68
96
A0
59
55
66
15
29
69
89
09
89
46
A1
49
A5
06
99
98
99
22
99
15
62
A2
19
54
54
55
59
95
56
46
15
AA
12
45
A9
45
2A
85
A6
A8
A6
69
94
25
66
29
20
68
20
84
20
48
90
02
22
84
28
50
42
42
01
49
4A
16
80
82
12
60
01
02
00
21
04
82
96
89
16
40
28
29
A1
08
68
92
86
62
94
00
40
00
46
54
86
82
40
02
96
88
14
06
68
68
25
40
90
10
06
60
20
A9
A1
58
06
66
A8
24
08
48
08
60
86
09
00
05
59
28
21
06
81
60
29
61
28
80
96
09
24
82
92
20
89
66
46
A9
04
56
26
AA
89
89
96
86
91
29
80
25
4A
56
16
2A
A4
91
86
20
98
96
20
48
51
14
65
69
21
A1
66
A1
46
96
99
52
15
A6
95
81
95
4A
96
81
56
A9
16
5A
66
51
49
2A
2A
99
41
A4
A9
A4
62
65
49
96
8A
58
95
58
64
A9
92
42
98
A1
56
46
18
12
98
96
A1
56
21
66
69
49
95
16
2A
62
A4
46
96
28
9A
68
04
22
20
8A
02
86
64
40
60
88
55
98
91
A8
46
08
95
10
8A
61
86
85
65
AA
68
05
51
01
51
22
15
15
15
95
21
94
0A
91
59
12
65
56
69
81
6A
15
8A
51
2A
65
19
54
48
1A
81
49
2A
65
09
41
11
46
A2
A5
14
10
88
61
02
44
95
84
12
60
02
51
0A
41
59
90
96
02
15
A2
85
4A
95
46
22
40
A8
AA
89
20
42
95
29
80
91
26
05
22
61
62
58
55
95
A9
82
08
99
52
58
45
A2
A8
24
AA
51
1A
99
82
AA
A5
58
95
88
A2
1A
15
19
91
9A
66
59
26
5A
15
91
55
A2
16
15
95
62
22
20
51
49
20
A2
99
84
91
45
8A
A6
15
91
A6
62
5A
56
99
54
AA
80
91
91
11
26
82
49
A6
2A
8A
92
59
22
4A
55
49
A4
A6
60
65
A1
50
42
88
80
15
10
94
00
62
45
A1
68
41
84
41
29
00
55
22
25
01
40
51
09
21
12
01
06
5A
22
18
90
41
66
2A
AA
85
28
94
51
45
28
02
0A
A4
09
A0
8A
10
A2
02
65
28
55
22
22
AA
62
0A
AA
49
04
80
01
90
2A
A8
08
41
91
00
22
11
A1
26
59
18
05
60
51
49
58
40
41
00
51
2A
18
09
14
45
8A
92
51
48
20
10
0A
94
19
A2
8A
59
8A
A8
29
61
05
00
84
86
84
55
68
21
69
A6
1A
45
88
0A
4A
15
49
26
22
49
8A
68
84
82
25
A8
49
01
A6
AA
AA
A8
86
68
51
22
02
8A
9A
50
55
A9
26
51
60
04
19
81
5A
A9
48
56
89
66
65
12
25
90
54
21
9A
AA
45
25
84
14
62
69
58
A6
A9
6A
42
41
45
02
55
52
A8
91
88
61
95
8A
A9
A2
46
A0
82
00
42
49
02
55
4A
10
00
60
2A
01
68
18
6A
86
88
A9
69
25
49
29
66
01
96
16
96
69
11
AA
A8
A5
94
85
96
A5
94
16
A2
A6
90
56
50
AA
9A
88
59
94
69
96
68
92
9A
09
98
68
92
86
0A
64
80
14
24
02
52
A9
46
10
25
94
90
81
68
50
50
80
68
08
51
A2
80
45
49
69
92
69
96
59
95
68
65
80
68
65
48
68
49
86
94
64
96
69
92
49
A4
9A
06
4A
42
8A
59
61
24
69
65
42
8A
69
5A
08
A0
65
92
54
25
48
AA
01
1A
56
99
96
86
9A
65
1A
48
6A
52
A0
86
8A
48
69
1A
85
29
54
A0
92
60
9A
95
95
04
61
59
A6
0A
88
A6
A8
52
69
49
61
1A
48
41
62
96
09
59
25
9A
61
88
49
90
90
5A
60
95
92
62
48
69
A2
15
95
45
00
56
82
1A
A1
A4
04
09
29
55
A4
48
45
24
A6
28
46
81
96
40
06
90
09
12
89
19
25
10
86
20
86
18
41
60
91
69
92
80
89
18
5A
05
21
44
95
22
85
08
66
45
60
86
68
66
91
40
12
99
12
69
69
A4
92
5A
25
10
28
59
28
00
AA
A6
58
26
92
24
65
85
40
A4
86
80
99
14
69
9A
04
11
00
98
49
06
68
19
94
95
10
82
55
41
94
58
26
46
94
15
8A
48
45
29
58
42
59
60
65
25
09
A6
6A
69
A6
59
51
9A
AA
91
85
2A
00
11
54
8A
94
49
69
59
10
A5
22
92
4A
61
41
69
24
22
40
69
82
20
14
84
14
41
98
15
91
0A
45
95
95
90
22
44
A5
8A
5A
69
86
96
02
99
55
68
94
15
09
96
68
84
69
59
85
96
90
50
95
92
50
11
62
59
92
80
95
60
24
14
86
95
46
04
19
2A
45
85
2A
65
51
28
01
14
40
85
48
04
A8
56
4A
8A
16
02
84
04
44
19
09
68
28
68
4A
05
21
0A
04
2A
90
94
69
9A
6A
95
42
80
48
61
02
45
A4
09
98
2A
1A
21
41
16
92
51
69
94
68
A9
08
41
59
91
15
96
85
58
26
06
52
69
54
94
14
4A
04
28
85
6A
06
95
49
94
12
A1
94
85
6A
6A
4A
62
94
A6
14
49
16
95
11
59
16
A2
16
18
68
80
06
9A
14
81
A6
24
4A
85
4A
05
48
95
88
56
55
5A
68
56
68
A2
94
06
AA
46
68
28
6A
91
85
4A
6A
95
40
24
62
9A
84
4A
6A
48
66
5A
81
46
1A
08
95
64
A5
9A
99
66
8A
A9
94
61
51
A1
18
69
21
02
90
19
6A
05
95
68
68
6A
99
95
61
50
2A
A4
42
94
4A
2A
4A
86
85
51
A2
84
0A
66
99
11
05
21
54
4A
46
94
09
69
20
69
2A
41
40
54
88
09
41
04
11
85
01
85
00
69
49
05
96
91
02
4A
81
86
42
05
A2
99
91
21
50
15
86
90
62
AA
01
48
84
0A
68
99
85
18
04
00
2A
50
6A
29
92
50
58
45
99
08
10
61
09
64
68
01
94
08
08
4A
99
40
94
61
00
12
6A
14
1A
6A
94
59
94
51
12
92
4A
05
06
98
59
A1
59
64
66
54
84
14
89
85
15
A5
55
82
51
59
90
69
80
00
01
1A
68
09
42
95
05
96
45
99
69
28
11
94
16
15
54
29
66
95
9A
A6
55
A8
58
08
24
25
00
22
96
42
11
91
12
45
9A
65
99
11
A0
29
86
AA
69
96
65
94
94
58
44
AA
95
6A
6A
A8
4A
80
41
08
96
2A
14
62
4A

