86
25
44
10
85
98
01
1A
26
85
54
AA
A8
66
62
69
16
16
82
86
40
55
48
98
56
5A
04
A2
6A
A1
40
56
A4
58
90
98
99
61
55
4A
54
54
62
24
65
56
65
62
0A
65
59
60
A5
45
11
14
AA
8A
65
49
64
89
90
9A
A4
90
9A
68
A1
48
66
50
19
A5
A5
85
00
A6
88
15
55
46
21
54
25
85
54
81
98
99
09
12
98
90
59
29
A8
4A
82
95
54
55
66
88
8A
81
A0
19
A2
41
26
A6
10
0A
16
98
9A
45
01
A9
42
29
A8
64
5A
4A
94
2A
25
45
95
61
A0
66
55
19
04
85
28
28
25
91
45
48
69
96
A6
9A
65
41
92
1A
24
46
86
22
06
95
69
15
49
95
6A
04
5A
24
40
19
24
A8
21
49
59
64
66
16
60
66
AA
68
59
28
45
02
14
66
55
02
69
11
66
45
42
82
18
A5
A8
26
69
40
99
96
85
52
95
A2
96
12
22
59
15
12
0A
A9
5A
80
8A
92
94
12
52
29
96
12
56
20
65
12
41
90
46
54
14
55
15
69
58
95
98
A4
A0
14
86
AA
95
26
65
08
29
54
AA
54
6A
61
51
91
60
A9
46
21
48
50
51
49
25
28
0A
08
09
00
45
22
68
15
A5
69
29
56
81
60
5A
9A
49
6A
41
86
11
12
59
41
90
99
29
05
19
99
6A
10
99
95
19
62
01
89
1A
55
09
29
00
60
9A
82
62
A5
08
41
45
99
86
90
95
54
22
06
64
94
20
45
28
98
94
80
59
1A
02
80
2A
AA
95
A1
48
A6
A9
82
8A
55
62
09
65
42
28
60
14
56
58
06
9A
85
16
A9
94
A6
6A
51
00
14
86
52
22
56
11
25
61
56
00
A1
9A
86
AA
82
A0
64
99
59
55
91
18
28
62
19
49
8A
11
42
06
A6
26
24
59
A5
01
4A
99
91
A5
1A
11
59
09
85
15
25
50
09
40
86
86
00
92
50
22
68
96
56
4A
62
40
95
11
41
89
10
49
26
19
55
64
95
41
84
65
A4
A5
14
26
46
99
16
A1
A1
80
9A
91
66
96
65
68
0A
50
29
60
90
11
96
46
96
85
6A
2A
41
28
48
A5
66
82
61
22
08
21
4A
24
A4
94
96
AA
58
01
08
A8
45
65
08
2A
59
68
95
99
95
64
86
1A
01
89
05
69
46
20
56
88
06
82
05
80
28
1A
9A
86
A5
66
45
18
69
6A
29
95
69
9A
84
60
89
A4
A6
61
6A
95
A4
A2
18
02
22
A5
0A
20
51
85
45
59
A0
20
4A
25
00
68
90
49
85
62
55
51
A4
40
AA
1A
48
A9
96
42
6A
92
A8
66
A5
65
66
5A
54
88
19
91
9A
65
46
01
10
44
62
A8
06
49
05
94
49
28
49
28
26
92
10
5A
65
66
21
9A
A0
88
00
46
89
A8
80
95
A2
A6
14
50
91
49
68
45
51
1A
40
46
46
4A
56
20
A6
89
A5
1A
A0
91
20
24
86
22
A6
19
99
15
88
86
56
60
A9
9A
05
44
A1
A5
01
69
46
92
92
59
09
06
28
64
A6
9A
64
A4
66
A2
05
9A
22
14
69
41
40
61
68
20
1A
10
24
10
06
81
85
08
50
56
89
58
58
64
22
26
61
52
59
96
8A
24
69
A0
06
99
50
62
41
25
0A
11
A9
08
62
91
65
6A
99
06
40
66
01
16
64
42
68
11
15
45
80
41
A9
A2
24
94
05
50
54
56
58
06
20
A4
58
95
9A
99
86
96
5A
09
59
92
59
64
5A
A1
19
18
49
02
12
86
11
A2
95
2A
52
80
82
12
25
95
99
52
20
84
6A
A8
6A
22
A0
96
A8
51
A2
25
56
98
94
69
A8
64
9A
8A
88
A8
58
48
58
A1
86
8A
86
8A
96
85
10
A4
84
28
AA
66
85
91
19
14
69
25
06
59
A2
85
18
A6
69
6A
56
A0
15
9A
5A
02
56
51
96
9A
50
61
55
80
AA
52
A1
48
95
0A
2A
86
54
01
AA
69
0A
64
88
99
12
89
A2
54
A9
25
6A
84
56
49
58
94
84
66
19
66
61
89
1A
92
2A
9A
90
14
88
A2
A8
AA
50
94
9A
25
55
86
1A
69
9A
68
96
62
9A
51
8A
51
50
15
16
A1
99
45
66
91
5A
96
99
09
00
6A
92
59
56
65
2A
66
68
16
A6
25
94
6A
16
96
85
24
95
58
48
29
05
1A
A4
89
69
10
89
16
56
42
02
96
91
A5
09
29
29
64
06
66
48
88
68
45
8A
62
0A
62
51
62
91
98
02
AA
1A
69
62
40
46
01
94
A9
94
91
08
08
25
42
90
60
1A
92
A9
52
28
42
90
94
AA
5A
AA
19
91
62
9A
42
2A
06
AA
40
69
28
58
56
01
22
45
89
95
92
18
A1
51
6A
A2
18
A8
49
00
16
05
01
55
29
A5
0A
5A
55
5A
51
5A
58
99
A9
A1
A5
6A
99
66
46
06
88
94
A0
95
68
05
45
9A
8A
62
01
52
A9
99
88
05
68
15
05
A8
25
96
41
A8
41
02
20
2A
59
4A
52
12
1A
69
62
65
56
65
2A
80
40
21
29
19
A4
40
50
AA
56
9A
88
A1
A8
24
AA
9A
64
A8
91
69
61
16
6A
08
06
2A
0A
45
94
49
26
86
25
86
20
21
42
80
22
A1
1A
11
48
64
58
68
06
98
1A
95
2A
06
50
92
51
98
96
25
52
81
51
68
6A
28
09
60
A1
40
66
A2
91
8A
96
80
86
05
69
9A
45
55
11
91
94
52
AA
94
2A
42
66
84
A4
61
09
26
42
4A
80
81
A2
56
14
1A
14
21
62
85
60
18
21
12
0A
49
28
54
15
26
68
2A
85
5A
1A
8A
59
01
26
29
64
11
99
99
1A
20
64
59
A6
A8
A6
61
A6
58
49
AA
60
64
20
88
A0
56
9A
21
0A
81
84
51
22
A4
95
2A
08
05
56
61
49
85
18
40
5A
6A
16
15
66
51
55
16
96
49
48
A1
15
88
A6
5A
AA
95
51
14
85
05
95
64
0A
69
95
96
58
8A
14
95
A8
45
12
15
16
81
22
51
58
41
16
A0
68
61
62
92
66
25
65
84
62
20
25
A4
51
26
A6
02
64
44
6A
1A
AA
59
18
59
11
08
84
66
64
82
A5
A9
09
81
14
6A
14
15
96
66
60
59
15
59
52
51
19
26
44
65
94
0A
A4
95
11
99
1A
A9
48
86
01
1A
15
A8
A4
61
45
55
69
98
92
25
25
69
20
85
54
AA
19
68
49
19
02
49
A1
A2
A8
02
45
45
9A
42
A0
56
26
0A
58
68
06
8A
86
69
05
48
05
A5
92
02
54
85
AA
15
49
A0
01
95
88
55
04
08
61
14
19
82
40
91
A0
20
62
A6
25
56
65
91
6A
51
9A
05
8A
46
19
06
18
86
6A
12
64
94
84
0A
AA
A4
56
66
A6
95
89
52
A8
96
95
96
A2
8A
A9
22
A5
28
82
54
82
55
22
16
24
50
69
08
A8
60
25
66
54
81
41
00
45
86
45
09
A1
62
42
46
A6
A6
52
24
8A
A6
25
68
02
21
06
01
99
69
29
61
66
61
88
46
19
09
40
6A
AA
19
06
81
05
16
56
20
56
28
AA
95
8A
0A
A5
82
61
46
96
22
69
61
66
20
8A
56
9A
6A
90
81
45
5A
49
60
06
11
09
50
45
04
29
42
AA
26
10
41
21
91
29
A6
55
26
92
25
58
98
95
05
59
91
89
95
49
88
2A
09
52
14
88
12
26
AA
44
20
18
56
16
15
12
61
6A
98
A1
05
5A
56
9A
65
66
A5
69
01
51
60
44
A5
08
90
69
96
81
59
29
1A
51
46
62
A4
50
24
A6
62
09
58
84
02
4A
81
40
85
25
48
2A
44
99
66
82
10
95
5A
65
49
16
91
25
1A
64
65
44
1A
52
96
58
06
80
86
6A
24
44
69
19
80
66
25
88
19
54
95
99
A4
90
46
94
5A
64
80
4A
95
A9
1A
5A
48
95
82
1A
05
58
5A
29
65
18
21
A8
A5
A5
50
42
24
99
84
16
20
20
85
25
91
A6
59
96
2A
88
45
42
98
90
02
45
04
99
55
1A
14
2A
6A
5A
A8
0A
A9
5A
A5
84
59
59
98
86
80
45
68
66
29
59
5A
69
A0
95
19
11
42
16
29
81
25
58
90
A6
55
9A
55
66
65
02
21
54
99
29
84
25
14
82
6A
6A
59
55
99
54
09
69
58
52
A9
89
91
12
52
A0
9A
A5
55
9A
9A
56
A5
A1
21
84
54
51
90
22
A0
A2
21
85
A9
29
21
05
1A
96
98
0A
1A
59
55
6A
49
41
61
A2
00
22
8A
2A
28
11
06
61
10
95
64
A9
19
60
06
A1
90
54
8A
24
19
6A
62
01
46
28
A5
48
46
80
29
A5
98
85
41
1A
41
51
54
A4
84
06
12
A8
15
A4
91
68
52
46
64
40
40
15
26
02
12
96
41
51
56
21
42
56
84
65
58
84
95
62
A8
10
4A
92
89
92
29
5A
A8
19
96
29
25
82
AA
94
92
95
50
69
92
15
45
55
40
4A
A9
A5
45
96
69
6A
9A
82
2A
25
8A
88
A4
46
98
51
A2
58
61
85
A0
4A
41
82
62
69
4A
51
91
59
61
85
52
A6
5A
1A
59
96
A1
5A
41
29
A5
A5
91
29
8A
19
14
19
69
49
51
85
65
0A
41
84
A9
92
86
95
95
99
A4
54
28
96
AA
15
25
40
20
96
51
58
91
50
1A
2A
A9
68
A0
85
60
95
4A
55
56
62
16
65
20
55
45
62
A8
10
A8
85
19
A2
64
19
56
92
48
66
61
65
41
14
96
44
09
96
55
56
60
29
84
99
AA
19
95
A1
46
00
90
58
65
59
84
40
90
99
26
0A
56
21
20
02
95
A5
25
A6
55
9A
54
28
22
8A
05
11
6A
65
05
86
90
49
AA
1A
55
96
65
AA
A4
51
96
60
5A
58
05
54
A9
68
59
66
29
4A
69
6A
98
51
A2
14
66
51
A2
58
08
92
54
24
50
0A
52
65
40
85
59
29
26
04
26
00
11
58
80
10
55
60
44
26
29
61
96
15
41
60
59
69
60
49
90
95
A2
5A
59
95
68
65
82
98
65
11
42
82
18
AA
04
51
04
91
61
90
9A
81
A6
4A
01
99
A1
58
52
50
A9
05
02
99
98
54
0A
A8
50
81
AA
02
09
59
2A
81
8A
45
09
50
44
91
0A
9A
9A
A5
82
AA
95
15
66
A9
66
69
81
90
50
A4
51
16
96
94
62
99
5A
40
A9
55
15
56
80
22
09
45
94
98
99
AA
28
6A
86
49
48
64
AA
88
45
46
92
69
68
A0
5A
10
60
21
84
A6
24
10
16
AA
8A
95
50
56
AA
4A
85
99
02
04
90
64
58
92
60
A5
99
8A
2A
82
59
92
AA
94
08
95
08
A8
5A
55
52
09
A4
12
01
06
45
84
98
40
22
58
10
61
80
66
06
52
15

