29
A0
A5
69
9A
68
96
A0
65
00
59
66
A2
89
58
4A
80
88
5A
00
16
4A
81
84
08
86
A2
A5
64
19
51
A6
29
58
98
59
41
A1
95
69
0A
98
A9
1A
A6
66
46
28
01
21
16
05
69
11
6A
90
11
51
96
04
19
55
58
42
91
52
16
15
A8
A8
56
80
2A
9A
68
54
69
92
86
09
94
14
54
50
41
19
66
0A
52
25
6A
99
96
A1
AA
21
A9
89
99
65
49
91
A6
A5
55
99
20
95
58
A6
29
4A
46
0A
24
42
98
94
6A
16
69
18
A6
AA
54
85
00
AA
A6
65
95
58
2A
09
56
95
12
28
12
A4
68
25
15
06
09
06
A2
99
AA
22
62
A8
26
22
A0
12
A2
AA
96
6A
64
A8
66
A9
A6
A6
05
66
65
95
A5
A0
45
A1
85
44
44
26
01
65
51
68
52
91
05
AA
22
81
55
99
69
64
AA
80
19
48
2A
5A
01
62
69
12
46
19
95
09
AA
A5
26
59
26
05
A6
29
2A
51
86
5A
80
82
02
54
64
84
82
94
91
95
96
25
A4
92
A5
88
62
04
60
19
1A
A9
56
82
58
1A
06
60
85
54
A6
56
00
40
88
A0
95
A9
66
61
A5
5A
46
21
96
AA
59
60
52
01
90
18
55
56
51
A6
56
89
55
02
96
96
96
6A
42
66
A9
8A
89
45
A8
69
90
A1
8A
52
AA
16
9A
69
A1
8A
94
91
0A
28
62
A2
98
A6
A0
95
85
96
50
42
49
4A
58
2A
96
01
14
86
92
21
A5
04
64
A1
2A
2A
52
29
85
16
21
86
99
A0
95
88
18
95
66
98
94
9A
90
A9
51
26
80
88
55
66
12
66
85
96
89
04
06
90
0A
61
26
61
68
55
82
A9
09
94
95
65
85
42
59
48
22
55
94
28
10
45
45
68
96
56
96
50
8A
5A
94
88
A5
69
92
00
86
59
45
44
9A
89
A5
15
20
28
69
60
29
A6
90
6A
A5
01
69
29
69
06
A0
16
96
05
52
2A
56
64
2A
56
96
00
9A
A4
20
22
52
55
42
06
95
82
26
55
AA
59
62
41
68
09
66
16
18
69
62
AA
19
A6
19
12
5A
66
88
61
90
69
90
81
61
89
96
04
16
59
25
0A
82
A0
90
52
A2
96
9A
A6
26
86
4A
86
42
48
A9
2A
90
92
A5
A9
29
59
55
98
A6
A5
56
54
14
68
A6
69
A4
96
89
64
4A
6A
44
A5
88
65
89
AA
06
5A
89
50
95
92
26
A5
29
84
25
A5
0A
56
95
4A
A2
56
54
6A
98
22
90
58
89
29
58
6A
49
60
91
98
26
65
5A
92
28
A9
52
58
22
9A
15
64
59
89
12
A9
06
00
12
62
A2
95
A6
22
68
A8
09
52
49
49
85
64
65
86
14
29
66
55
29
64
65
AA
A9
A2
61
45
54
21
86
01
AA
48
85
19
56
AA
9A
82
A8
5A
A6
A5
A2
A9
95
A4
05
A6
85
2A
69
65
65
59
58
50
A1
09
61
21
80
61
9A
91
64
62
84
14
A4
01
A4
0A
A1
5A
44
9A
29
41
60
96
1A
54
41
A1
98
09
A1
58
64
55
95
65
69
94
A6
86
09
A1
62
95
16
52
66
90
69
65
9A
95
16
24
49
92
92
9A
54
90
A6
99
18
61
69
92
99
05
55
5A
16
48
A6
62
04
56
9A
16
A0
96
A6
A4
41
56
60
58
8A
8A
A8
A8
94
85
94
52
69
A4
68
05
56
91
99
82
AA
66
6A
29
99
88
A8
01
98
85
56
A9
64
66
99
62
21
65
55
52
26
10
55
9A
91
25
59
AA
15
54
06
64
40
66
21
96
65
14
88
0A
22
A5
94
0A
59
5A
88
29
12
11
60
55
19
59
46
A2
26
96
41
96
02
62
62
52
15
66
AA
88
08
64
A4
08
86
49
1A
10
18
09
58
68
58
09
6A
54
AA
A6
56
95
62
22
6A
66
A4
94
49
08
26
48
15
52
16
2A
64
A1
41
66
29
91
59
69
95
84
62
A9
96
8A
A2
29
5A
09
A2
9A
55
66
68
94
84
50
25
81
80
86
A4
46
95
14
92
82
58
A5
AA
86
92
51
26
55
56
45
91
95
55
26
64
86
18
8A
54
A6
52
69
65
A0
98
96
90
A9
22
19
62
26
65
44
84
40
A8
96
68
2A
69
29
A1
41
65
56
49
48
A6
85
A4
02
A9
AA
A6
69
54
69
A0
80
8A
A8
48
AA
82
92
54
62
A1
5A
61
90
29
12
55
19
94
A5
19
4A
59
21
A9
19
A9
29
09
45
21
98
60
A5
88
61
21
5A
48
29
60
86
AA
52
16
A1
95
0A
06
64
A8
A4
20
45
96
5A
4A
62
89
92
18
19
09
16
12
49
19
06
AA
1A
54
99
05
45
2A
66
45
95
A5
A9
99
6A
96
96
68
66
59
96
55
56
60
A6
2A
94
92
95
59
59
14
12
10
96
A2
A1
54
50
6A
A6
49
62
29
66
44
59
52
5A
94
9A
64
A9
15
91
AA
15
69
AA
5A
85
88
28
54
25
A9
55
44
1A
9A
96
19
2A
48
4A
69
49
AA
14
11
42
28
15
A6
6A
99
68
05
6A
65
9A
26
22
A5
99
51
A2
A9
81
41
2A
68
95
AA
28
A4
42
A0
85
00
28
A9
85
10
54
5A
66
66
14
54
45
41
A1
98
45
48
A6
90
A8
59
26
A9
19
94
58
84
66
85
95
46
88
A0
66
6A
66
69
A6
59
49
22
45
94
66
9A
8A
84
40
14
96
81
5A
A9
66
46
59
95
54
52
A8
55
81
92
95
58
51
22
61
4A
28
2A
85
45
10
88
A2
25
59
AA
96
29
96
45
20
09
28
A0
42
A9
66
25
05
1A
81
12
64
44
A2
5A
21
68
60
99
81
48
44
5A
20
86
05
68
19
86
98
88
52
66
8A
04
59
65
62
51
55
66
A0
14
24
84
59
A2
A4
4A
09
01
A5
42
19
88
15
4A
09
25
05
49
62
58
86
2A
64
59
22
89
59
95
15
05
A0
A5
85
55
92
22
5A
99
21
A4
91
19
85
8A
54
15
55
85
66
02
55
91
A6
46
24
69
15
60
59
61
1A
59
99
59
80
28
95
A4
66
99
8A
19
41
AA
A8
46
68
A9
54
56
24
04
09
44
58
51
19
2A
66
59
15
56
A1
49
A5
A6
AA
4A
29
02
56
86
66
24
A5
5A
69
26
29
59
9A
09
92
8A
44
65
99
84
09
58
29
06
6A
82
56
A8
52
A9
95
24
95
21
96
60
00
66
61
95
65
98
A8
26
55
59
16
81
80
10
55
85
89
06
21
99
54
98
A8
16
99
A8
85
02
92
6A
60
9A
6A
61
94
00
46
A9
8A
05
89
15
49
A5
00
A2
42
1A
41
2A
26
50
52
54
40
A2
8A
29
95
45
65
86
96
8A
45
14
4A
99
51
45
50
A4
84
8A
16
A6
50
56
26
9A
08
96
61
22
AA
41
91
11
94
89
51
0A
98
A5
86
21
5A
95
90
46
58
15
55
12
99
AA
69
66
88
28
99
49
24
A8
A4
89
06
AA
96
20
14
A6
45
98
0A
20
28
09
95
A1
48
A8
A2
09
05
99
A5
41
62
60
49
20
21
99
28
4A
52
58
45
20
40
58
26
28
40
92
18
09
56
95
2A
19
19
AA
AA
4A
4A
A2
60
4A
52
A8
99
64
82
49
00
56
95
62
98
12
96
56
A5
AA
24
22
45
0A
12
15
91
84
69
69
19
42
15
29
91
8A
2A
82
09
44
14
25
08
25
24
A2
55
52
89
16
21
59
68
29
50
60
88
64
A9
92
A6
A8
A6
AA
20
A8
51
A4
94
18
96
96
A2
59
14
A2
6A
60
49
99
96
A5
65
85
AA
48
2A
5A
60
46
18
A9
96
26
21
18
68
96
54
A2
A9
4A
82
48
8A
A1
64
09
99
95
A8
65
82
51
A8
62
14
A6
14
A1
A4
08
59
14
29
20
89
41
95
AA
66
21
94
49
09
42
99
80
A9
AA
09
65
99
90
49
11
81
49
49
A2
56
68
10
60
26
95
A1
82
85
95
A9
A8
6A
A5
66
64
06
56
60
90
AA
A6
89
65
52
55
5A
86
20
A8
59
2A
09
99
40
81
44
92
59
55
65
68
96
09
58
50
69
01
65
19
42
56
59
65
A5
8A
05
61
62
A5
1A
A6
1A
49
46
81
58
65
68
16
80
65
48
64
12
20
18
06
51
68
AA
52
A8
19
2A
A5
65
92
0A
89
54
99
89
64
04
64
5A
61
99
98
AA
62
8A
48
08
96
65
4A
66
9A
09
8A
61
61
82
1A
95
15
46
89
95
94
05
16
41
66
95
46
51
59
92
50
52
9A
A5
82
68
48
45
44
00
8A
08
46
A4
68
05
66
82
24
20
8A
A0
92
94
5A
0A
95
A1
A9
AA
16
8A
98
9A
54
14
A6
AA
1A
6A
8A
02
89
96
20
61
00
AA
4A
61
A6
86
08
96
9A
66
99
65
52
59
9A
4A
68
06
02
92
50
24
45
A9
5A
62
52
96
59
50
96
A5
A6
96
8A
25
A8
89
AA
40
22
90
99
01
8A
A0
96
29
A4
60
A8
49
50
64
92
16
5A
01
66
A5
21
92
21
12
1A
19
16
02
22
42
68
22
18
24
44
25
69
09
05
89
04
99
40
06
02
12
11
14
8A
65
04
02
6A
A6
68
89
16
55
18
55
69
A9
55
15
6A
68
2A
94
18
19
05
84
46
28
06
16
91
A5
A9
05
A6
68
68
85
6A
4A
A9
05
18
86
19
2A
19
21
82
09
11
54
4A
16
2A
A0
90
50
62
95
91
12
A5
0A
A8
44
69
56
89
60
25
69
25
09
60
50
02
65
64
A1
A5
25
94
49
14
49
54
2A
49
81
14
20
29
68
06
91
19
69
64
88
46
86
28
49
64
AA
A6
29
98
98
65
06
AA
81
A9
6A
A4
08
8A
20
4A
A4
64
02
29
01
68
A5
58
19
19
16
40
86
09
22
A1
AA
46
05
28
28
A2
56
49
09
45
09
A1
48
00
01
00
12
29
88
48
59
1A
54
A1
46
05
92
88
28
84
99
66
25
1A
21
15
54
50
66
12
26
45
1A
55
A1
9A
A1
9A
10
81
05
28
64
25
99
A9
A2
24
66
00
A6
65
00
52
11
A5
02
26
69
22
26
65
1A
24
0A
25
18
A6
2A
A9
28
82
28
04
2A
98
26
5A
88
68
04
81
08
88
10
28
81
24
26
29
88
66
52
99
65
95
05
94
16
54
8A
20
69
22
91
99
29
61
49
1A
18
88
02
1A
55
54
9A
46
65
62
16
80
1A
59
0A
10
60
21
AA
1A
A0
48
55
15
92
52
05
88
A1
A1
06
54
A5
11
59
62
29
50
24
08
02
60
28
64
2A
51
04
1A
64
01
16
A9
5A
95
89
9A
5A
12
19
62
60
AA
46
A6
41
26
24
11
66
06
10
AA
62
01
15
A5
46
08
08
0A
20
02
29
AA
46
16
45
56
92
08
02
18
59
24
A5
64
02
28
A0
21
06
A4
25
56
26

