96
AA
48
21
51
28
68
49
86
49
96
A5
98
86
A5
44
2A
91
59
A6
1A
A9
95
54
18
28
54
5A
69
A9
54
84
46
82
65
08
26
24
84
A8
29
59
52
51
9A
55
16
26
0A
21
65
98
96
98
89
21
95
1A
58
A9
99
18
86
8A
09
2A
49
65
A4
65
05
51
5A
A1
26
09
64
1A
99
62
4A
69
A6
95
29
18
59
82
68
56
86
22
A8
6A
21
91
51
66
52
65
49
98
A5
48
66
46
65
94
A9
15
64
AA
45
01
4A
96
94
41
84
48
A1
64
41
29
A4
21
56
08
49
0A
65
58
92
26
50
56
50
26
60
12
24
14
A0
66
99
A2
91
4A
15
95
62
8A
84
81
A5
15
88
98
9A
A6
66
A9
48
66
15
A6
85
6A
6A
98
06
50
80
65
A6
24
58
62
1A
48
98
19
A9
88
80
60
44
4A
20
82
A0
A2
55
A2
59
92
10
90
A0
59
69
91
9A
9A
2A
98
88
10
91
24
69
55
11
58
59
6A
95
AA
58
5A
A8
A0
65
40
8A
4A
65
22
95
A9
84
51
66
65
20
52
51
60
99
62
96
66
81
94
11
92
10
69
51
9A
69
A5
14
22
55
45
04
42
46
2A
A4
28
41
60
92
96
84
51
89
92
25
00
0A
66
91
1A
95
45
68
45
A6
05
84
08
99
54
66
55
5A
A0
5A
A4
24
19
59
6A
48
59
69
56
A1
99
91
A2
A9
12
2A
68
96
50
59
46
51
A5
65
86
80
08
A6
4A
08
45
29
A4
46
02
6A
51
84
96
24
2A
05
91
62
28
A2
59
86
65
96
5A
95
11
A6
A2
16
A9
52
48
52
54
56
58
44
26
94
19
25
5A
65
4A
48
81
86
56
85
65
89
25
54
50
58
5A
9A
A1
44
82
85
6A
66
15
96
58
26
5A
21
41
25
46
16
56
A5
9A
42
55
24
90
A2
91
06
60
A5
05
90
A0
22
21
95
A4
56
A9
A9
06
85
49
81
64
96
AA
91
29
1A
50
A1
51
50
69
66
19
AA
A9
85
46
95
99
A0
44
2A
62
2A
24
46
98
99
55
55
89
45
10
84
50
29
88
05
8A
4A
AA
69
91
19
29
44
99
94
25
98
9A
41
4A
15
59
1A
A2
91
49
A8
A2
A8
25
A1
51
29
26
86
98
92
09
06
9A
06
A8
91
42
AA
00
84
A5
65
84
9A
A5
06
56
64
9A
95
66
62
59
40
58
21
54
84
10
46
15
1A
24
45
60
18
A0
46
61
58
60
08
A6
62
A0
A6
29
24
68
85
95
A4
06
00
66
8A
80
85
10
15
45
58
45
20
26
51
64
65
5A
A1
52
A1
49
65
12
1A
19
45
42
15
45
51
52
15
A8
95
99
40
10
85
4A
68
66
A2
06
95
51
9A
69
62
94
69
28
95
95
12
44
8A
0A
A1
9A
4A
28
80
68
A8
18
60
9A
49
92
64
61
51
15
82
68
04
12
99
AA
42
48
15
99
56
56
95
68
00
84
96
8A
A8
52
A9
99
66
96
06
55
52
8A
20
68
92
58
56
6A
58
68
85
46
80
19
86
99
54
85
91
94
44
5A
05
95
65
19
51
96
92
62
AA
64
96
9A
9A
62
48
29
48
62
69
95
60
99
98
86
A0
19
11
8A
10
06
2A
98
65
88
01
95
66
55
19
4A
54
6A
A8
4A
98
69
84
AA
05
98
52
86
66
66
42
82
94
28
69
89
64
80
06
28
18
29
82
AA
15
22
64
6A
12
85
89
6A
24
A6
19
58
A9
24
A9
9A
62
69
A0
64
66
05
2A
01
52
0A
95
88
18
56
05
46
94
91
1A
10
26
55
64
64
94
66
91
99
09
90
69
62
68
4A
98
29
11
98
65
94
A9
26
89
86
A9
20
28
51
15
51
92
90
45
98
A8
96
48
25
69
15
A5
59
14
05
40
20
64
A6
14
A0
A6
66
54
16
06
AA
65
95
1A
69
8A
20
A5
00
2A
0A
A5
59
12
A1
19
A2
59
01
29
58
19
A2
44
09
46
9A
61
26
A6
86
86
69
11
44
06
66
A2
88
62
45
85
95
98
86
60
25
06
2A
A5
A5
91
5A
56
A4
51
55
12
9A
09
20
A8
90
4A
16
84
89
16
9A
68
56
94
45
90
58
9A
89
96
19
8A
99
66
91
68
A9
A2
89
9A
98
68
89
A9
A6
6A
A1
66
5A
10
A1
26
A5
59
15
95
A5
44
68
41
59
69
AA
66
20
A4
19
16
16
95
59
80
50
2A
51
60
82
4A
19
46
A0
65
84
12
8A
11
45
88
5A
94
69
A5
2A
82
5A
19
A4
64
A8
26
84
86
99
95
4A
2A
A5
46
55
11
55
91
96
A6
1A
55
81
65
15
A9
65
5A
86
AA
05
58
A0
26
94
88
65
91
45
06
5A
A1
68
68
0A
61
04
AA
54
59
6A
AA
50
62
45
59
16
A8
51
8A
AA
9A
05
AA
82
18
95
09
99
88
4A
62
AA
95
54
89
60
58
60
18
59
21
66
9A
58
A9
08
6A
2A
28
66
56
A8
21
12
4A
4A
20
02
55
1A
26
16
22
90
9A
55
8A
92
95
45
58
42
94
86
22
21
58
26
64
A9
85
61
42
08
29
85
56
65
A5
09
1A
AA
94
A1
64
24
A9
69
55
58
50
45
46
42
4A
81
62
51
A5
8A
86
98
65
69
88
2A
59
42
6A
45
49
64
99
56
46
85
51
26
55
59
95
62
68
08
92
84
06
88
A5
90
2A
9A
95
14
9A
AA
56
99
54
86
50
92
A1
92
98
10
A1
26
A1
22
22
86
92
82
56
46
A9
04
1A
A6
91
28
48
62
98
60
86
50
60
94
0A
5A
11
64
96
19
A6
64
19
69
42
A2
61
50
AA
15
82
91
AA
95
09
84
2A
29
24
94
95
64
52
42
A6
58
56
12
59
5A
25
49
80
2A
A0
6A
89
62
65
48
81
89
18
A4
69
81
44
9A
62
52
44
09
AA
99
20
66
05
26
28
99
24
15
68
84
60
61
A9
8A
56
82
A0
29
85
66
45
41
61
89
66
80
98
00
26
1A
A8
A4
22
A2
06
A4
86
19
66
24
25
89
85
A4
A2
92
A8
62
16
86
40
8A
A5
58
85
40
88
A9
90
52
55
45
6A
A2
21
29
55
A8
01
A4
64
8A
58
98
A1
10
81
85
68
86
44
6A
A8
0A
A5
66
06
61
6A
22
20
65
42
62
A6
19
25
4A
92
64
60
02
46
95
46
AA
28
A9
12
10
2A
60
41
61
59
92
90
52
86
19
50
AA
88
88
AA
9A
48
1A
AA
91
A6
9A
94
11
69
65
A6
66
59
A4
50
12
1A
6A
69
28
65
56
45
21
A0
95
A4
25
82
44
16
09
18
22
85
18
90
99
A6
A8
60
98
29
01
A4
64
60
5A
45
62
65
4A
A0
2A
81
6A
28
10
51
19
2A
66
1A
48
A5
9A
12
85
12
64
59
A8
A5
26
1A
92
85
65
2A
95
20
61
1A
A2
16
81
24
21
16
05
94
59
99
95
18
81
80
69
95
56
5A
05
24
A5
A1
95
86
05
19
A6
80
91
10
A9
55
A0
92
A5
01
42
AA
68
5A
20
26
A9
94
06
26
65
95
5A
66
29
A1
98
98
82
65
84
A5
60
A5
16
92
56
11
26
61
46
04
65
85
4A
2A
66
85
12
55
9A
AA
69
22
92
98
52
64
45
6A
01
A8
94
82
89
64
49
42
01
2A
46
16
A0
52
58
A6
56
06
A2
89
A5
64
49
26
5A
84
29
2A
4A
89
99
98
12
20
61
64
AA
92
14
12
28
62
62
46
16
46
02
96
99
64
85
90
26
08
22
A9
4A
44
88
26
48
20
05
4A
14
59
28
04
08
68
22
5A
69
95
45
1A
95
89
66
52
22
0A
A9
5A
04
06
1A
A5
A2
4A
6A
14
45
51
6A
59
68
50
99
12
16
68
9A
44
58
46
66
26
80
28
99
64
61
15
99
9A
10
45
09
19
65
84
54
84
56
65
50
16
66
99
22
99
89
25
28
A6
A2
85
45
62
55
A6
15
58
55
68
66
15
16
69
A2
16
85
52
95
A1
96
66
94
AA
55
6A
18
81
16
42
48
51
45
2A
91
A0
16
54
28
62
99
29
48
94
82
66
9A
15
84
68
19
54
22
08
12
91
A5
56
22
58
65
49
01
85
11
14
89
66
91
64
59
95
98
52
66
46
89
40
48
A6
AA
48
95
51
65
06
04
5A
A5
21
A6
4A
16
81
66
90
86
26
69
66
82
69
2A
52
41
AA
12
5A
54
59
66
51
92
81
66
4A
A1
06
20
62
5A
14
A0
26
56
15
59
61
A0
1A
69
91
05
54
6A
05
AA
68
42
2A
94
59
5A
96
88
51
55
5A
81
89
29
A1
65
46
25
20
16
25
54
9A
18
19
4A
14
A5
65
90
2A
69
54
5A
A8
6A
19
44
A6
58
20
56
00
45
81
84
94
68
26
96
29
A9
18
62
88
A1
84
05
19
62
1A
52
56
60
66
5A
66
89
14
A8
A9
96
9A
48
18
65
20
11
66
5A
88
65
89
04
89
49
54
95
A2
11
A6
88
65
82
01
1A
92
A6
89
9A
46
90
8A
14
26
2A
14
52
A5
80
A6
21
9A
9A
6A
92
4A
66
85
5A
51
8A
4A
54
06
62
00
06
95
16
45
1A
22
59
11
99
A2
69
68
5A
94
94
22
44
91
15
4A
66
A6
62
59
28
9A
A2
89
94
84
95
16
12
09
98
85
96
99
21
40
64
98
A4
06
14
6A
94
61
AA
68
22
54
45
64
49
95
4A
40
24
01
41
0A
64
A0
09
AA
85
9A
A4
46
25
95
51
99
86
12
46
52
95
46
59
45
92
09
26
19
51
56
81
15
45
98
55
58
40
6A
69
A5
84
04
06
A4
A4
4A
51
21
21
61
59
12
82
01
21
85
A9
61
69
6A
04
8A
1A
99
2A
81
59
42
51
0A
2A
4A
24
46
88
5A
69
89
12
18
A9
25
4A
98
98
26
6A
A2
62
90
24
68
99
22
95
28
A9
48
96
18
45
91
62
1A
4A
86
A8
51
84
51
65
56
00
A0
15
02
49
62
45
94
0A
59
48
98
68
05
A4
85
A9
66
15
62
9A
91
A4
4A
45
94
0A
04
59
25
02
42
19
95
41
94
95
51
25
10
50
56
26
55
2A
54
62
96
12
9A
61
88
69
24
A5
96
89
68
4A
98
28
68
11
44
6A
A4
95
65
96
82
09
49
A9
52
A4
29
0A
12
88
1A
A2
94
61
29
A4
42
64
9A
58
68
66
12
2A
A8
A1
64
A5
42
0A
99
A6
45
80
49
9A
61
16
91
A6
95
60
A6
59
44
98
25
A8
59
50
1A
1A
11
A2
2A
50
81
96
40
59
99
A8
A9
56
00
64
9A
18
11
14
51
9A
56
A5
05
28
66
41
50
A1
46
54
46
66
A2
80
51
55
48
69
A1
A4
09
94
AA
04
A4
25
96
89
54
A4
12
99
62
8A
86
25
02
04
19
19
62
15
11
24
62
84
08
26
6A
46
42
91
1A
65
A2
99

