16
56
05
1A
68
54
1A
55
9A
65
05
52
91
10
45
15
65
05
62
95
50
81
20
69
A8
61
19
12
66
86
9A
55
A5
55
55
55
66
88
12
46
64
64
16
61
58
56
A5
66
96
61
40
46
99
98
6A
44
AA
00
91
90
40
49
91
12
98
94
59
11
66
68
01
02
A9
68
6A
4A
86
60
9A
21
09
95
54
12
12
59
65
81
A1
25
95
94
A5
92
16
A2
A2
52
89
66
62
6A
95
81
58
66
88
AA
54
52
A4
66
0A
A5
60
66
A8
A1
89
85
29
6A
A2
A1
69
A2
01
69
55
00
61
44
64
66
95
08
84
A9
8A
A9
46
A2
94
96
A5
92
09
41
A5
A1
69
11
A0
62
60
92
81
A0
9A
11
46
66
18
AA
A1
8A
19
45
18
85
04
29
65
59
04
A6
AA
68
9A
A8
99
50
98
AA
66
95
A5
69
AA
41
A2
14
4A
52
16
A6
24
A0
54
A1
9A
41
22
96
62
02
18
55
19
25
15
20
05
01
9A
50
5A
59
88
66
58
85
8A
25
6A
4A
95
51
66
65
98
50
29
99
A2
96
99
9A
98
68
16
8A
A0
0A
46
92
66
AA
40
AA
15
16
42
49
6A
60
AA
64
85
56
99
81
90
96
29
50
51
AA
1A
9A
94
99
26
51
64
65
99
A4
A1
54
AA
8A
15
06
A5
51
55
6A
9A
18
A9
06
66
94
69
90
68
A6
25
66
26
49
86
A6
55
AA
99
A8
84
94
96
A5
21
42
A8
84
55
62
16
59
A9
52
AA
94
24
96
9A
26
46
15
50
82
59
89
54
99
65
05
A1
A9
42
56
69
A4
95
25
A6
58
26
A6
69
49
61
89
06
2A
96
86
46
94
46
A9
61
56
51
A4
54
22
92
68
5A
85
09
5A
A6
99
86
05
A6
96
85
96
A5
A8
4A
62
A0
86
55
A9
21
89
29
91
89
05
86
56
15
24
A1
59
A2
68
29
61
6A
62
68
16
90
48
95
4A
54
59
89
88
2A
58
98
28
95
6A
80
A9
54
49
11
2A
04
49
6A
55
24
24
A8
A6
A5
A9
95
85
9A
12
96
62
69
68
5A
18
64
5A
49
A6
48
16
68
86
88
44
99
A2
45
00
A0
56
04
5A
19
92
69
56
15
82
15
82
10
82
89
09
26
A8
A6
89
65
64
04
15
86
69
86
46
89
A5
A5
69
AA
0A
2A
45
91
85
42
A1
9A
26
64
05
20
05
10
14
98
85
48
4A
82
1A
55
91
96
52
20
46
60
94
05
A9
45
15
85
54
95
5A
A5
50
66
8A
99
40
62
15
59
06
55
40
A5
A6
60
66
95
85
48
9A
65
19
8A
40
9A
0A
A5
89
26
66
A5
29
A9
12
98
0A
95
95
06
19
52
9A
1A
96
55
42
A6
44
4A
52
56
56
99
A9
88
66
A9
94
62
15
68
86
41
82
AA
A6
68
64
08
66
48
96
44
85
19
56
20
AA
95
68
A2
00
95
4A
56
98
86
64
46
25
6A
50
12
15
6A
6A
22
16
21
12
21
49
15
56
95
25
41
24
A6
86
45
80
59
A2
25
41
86
A6
00
6A
61
04
51
56
22
24
44
AA
80
46
66
95
A2
5A
2A
26
86
5A
99
8A
65
8A
59
65
6A
59
25
62
11
89
95
14
66
42
68
16
29
54
58
A8
86
51
96
2A
69
91
8A
54
A5
9A
54
90
56
6A
64
91
52
5A
09
56
84
A5
A9
25
0A
22
15
58
21
96
A1
50
52
89
5A
45
98
65
08
5A
94
95
09
09
A8
46
80
95
96
9A
46
11
6A
44
42
11
1A
A8
56
8A
14
28
65
2A
58
50
6A
45
96
99
52
69
49
4A
91
AA
85
55
54
16
A0
99
65
A0
A1
AA
96
25
42
19
1A
12
A8
15
A8
18
55
85
41
59
84
19
2A
60
16
60
46
16
91
99
A0
90
41
94
06
A4
56
8A
6A
2A
51
A1
50
15
15
51
96
14
29
46
11
95
64
2A
6A
18
86
64
28
50
A2
66
99
49
15
A9
8A
A9
26
AA
88
62
28
A2
A8
61
45
58
28
9A
01
46
60
92
95
89
95
1A
19
A5
6A
69
98
66
26
48
94
92
11
66
52
99
94
91
51
15
95
15
64
49
22
A2
94
2A
A9
55
A6
21
AA
A8
95
42
A2
6A
24
A9
A4
92
82
56
54
50
68
90
45
2A
94
61
AA
95
56
62
95
49
95
51
8A
92
85
55
84
A8
99
99
91
66
25
10
10
85
26
84
96
69
02
A4
41
29
06
A1
26
48
61
55
A5
18
24
45
58
46
99
61
86
60
96
5A
A1
68
60
A4
92
15
8A
29
95
50
65
22
89
21
82
42
59
62
A6
6A
95
6A
A9
49
64
49
55
28
65
88
69
00
A8
52
18
A4
61
A6
41
69
A9
49
68
56
48
4A
5A
88
95
05
45
8A
A1
58
11
45
A4
94
AA
46
62
88
11
55
9A
5A
65
4A
55
99
66
12
8A
84
29
25
96
55
56
49
66
15
42
52
A6
52
81
64
6A
20
6A
16
28
0A
59
51
AA
19
66
AA
90
A4
16
9A
12
99
18
85
A0
59
6A
4A
96
29
A1
26
15
12
91
62
99
54
68
56
62
99
20
A9
82
11
29
05
A8
5A
65
95
6A
94
59
94
24
62
8A
A8
99
16
25
A9
4A
96
92
26
26
66
04
65
5A
14
25
A5
1A
A1
22
05
A1
1A
66
98
86
81
A6
88
44
AA
99
16
A4
9A
6A
54
88
98
05
59
89
99
68
A1
96
62
15
16
5A
19
55
A9
45
12
A6
19
20
29
AA
84
10
A0
5A
5A
AA
54
60
48
69
51
4A
60
04
A6
59
99
A5
96
48
82
89
96
11
1A
40
14
49
A4
50
2A
8A
29
A6
A6
16
96
95
10
46
84
61
86
14
A0
05
59
61
69
01
46
48
A9
92
91
44
A9
AA
05
49
69
95
A9
04
16
50
92
85
65
84
21
99
58
96
11
84
A1
25
A8
69
49
29
09
9A
5A
6A
69
5A
99
19
52
16
59
96
65
85
80
A2
55
A1
68
14
29
95
5A
52
41
66
A0
2A
29
12
09
28
49
59
94
99
59
60
16
A4
96
09
AA
94
21
82
65
1A
A6
24
81
18
85
96
A6
52
40
54
26
01
99
64
A5
96
86
26
91
AA
AA
A6
09
44
81
46
61
24
26
85
96
18
84
69
96
65
40
81
99
48
20
92
42
28
16
50
50
89
99
21
50
06
65
94
66
65
64
29
A2
25
18
61
A8
98
42
A6
4A
45
A9
29
01
86
55
58
59
45
11
52
9A
A8
15
4A
18
62
24
40
A6
42
42
6A
86
91
98
A9
0A
88
54
51
5A
46
60
11
86
A2
A9
92
A2
49
94
A1
40
95
86
69
86
88
12
62
81
04
AA
91
20
64
80
62
14
18
09
AA
84
A4
A4
52
11
68
9A
50
56
94
08
20
AA
52
86
A2
68
02
89
12
19
08
06
09
95
58
A9
52
A5
A2
51
A2
59
99
1A
54
68
41
44
16
81
25
69
A0
86
61
49
92
81
52
A1
A2
80
02
A9
69
6A
69
29
11
16
1A
61
26
A4
49
A8
51
69
96
45
0A
A5
61
46
16
6A
90
46
82
16
42
56
96
A8
66
26
11
04
81
99
89
AA
16
69
29
99
6A
55
45
26
95
16
A9
6A
94
88
8A
50
16
26
09
62
29
51
16
06
65
21
94
21
54
5A
5A
4A
48
95
01
06
15
65
95
22
12
91
A6
58
01
16
49
68
54
69
09
A0
98
46
65
82
18
29
48
A6
92
58
55
52
95
6A
AA
18
96
99
64
AA
60
29
54
11
06
80
90
16
45
40
96
99
08
51
16
8A
68
06
54
02
5A
25
15
64
1A
A2
54
44
8A
A6
66
6A
65
28
65
A0
91
5A
92
29
29
A1
14
48
52
98
96
91
0A
5A
15
20
58
60
02
84
4A
22
A1
88
66
96
A6
52
42
56
46
22
05
29
15
19
6A
56
A5
94
12
2A
92
92
44
1A
99
20
AA
94
A5
5A
9A
42
92
16
A6
62
9A
81
15
06
16
10
96
46
A0
98
68
45
48
14
69
10
6A
04
44
46
94
68
99
06
A0
AA
59
A9
15
A2
14
82
58
64
59
52
95
A8
58
A4
11
A6
65
8A
4A
6A
9A
04
6A
28
50
09
95
A2
06
A5
86
92
89
54
5A
64
96
29
04
59
6A
19
05
60
89
5A
95
02
A9
88
98
92
92
95
A2
14
4A
56
61
18
25
89
59
0A
A9
59
89
1A
40
52
96
56
55
A6
A4
A4
99
80
99
65
94
46
49
9A
19
A0
05
15
92
1A
62
88
5A
25
19
46
A8
11
15
82
A6
05
04
84
29
A0
A4
A1
26
05
10
48
2A
12
A0
99
56
14
15
01
4A
8A
19
A9
69
84
A9
98
8A
94
90
00
50
90
9A
8A
4A
45
A6
95
48
A8
A9
46
10
62
21
A2
46
64
88
02
95
69
1A
09
08
A5
88
98
25
90
59
55
20
A9
55
69
54
00
5A
41
6A
94
65
41
A8
92
09
95
29
1A
19
16
58
92
85
A8
66
21
59
25
02
28
08
8A
69
56
16
56
84
65
42
09
29
82
55
94
A5
50
89
01
98
90
5A
6A
28
61
52
65
82
81
25
05
20
99
84
10
69
26
9A
82
04
99
49
06
40
2A
54
51
A9
A5
6A
94
22
49
AA
55
40
05
20
51
22
41
68
22
59
49
81
95
AA
26
1A
80
8A
94
55
56
54
56
22
44
8A
62
81
92
89
A6
89
69
55
59
55
A0
62
84
A1
4A
05
85
22
28
59
2A
95
69
8A
49
42
6A
01
48
95
1A
6A
81
56
A9
86
01
20
40
25
44
46
99
22
A9
52
99
20
04
84
A1
08
86
54
61
50
90
69
11
25
69
94
96
65
01
A5
25
95
16
56
24
AA
A8
56
60
80
90
41
A6
A0
18
61
11
66
84
12
15
12
95
A1
AA
56
66
58
58
44
AA
A9
8A
A6
69
49
18
65
48
11
2A
A0
98
90
A8
64
24
8A
95
66
56
1A
8A
A2
85
95
A8
86
89
95
11
91
09
52
10
65
61
15
A6
59
96
29
02
A0
49
92
20
94
12
60
22
89
95
61
4A
96
29
51
54
9A
8A
05
05
02
92
6A
A9
95
62
0A
09
15
99
86
19
8A
59
01
28
68
40
25
5A
0A
04
58
A6
48
99
19
54
A6
19
8A
6A
16
02
24
62
82
1A
A9
A6
05
21
52
99
59
00
68
68
41
12
40
A8
8A
4A
A2
69
99
51
A9
6A
9A
06
16
09
8A
08
8A
06
99
2A
01
29
91
22
12
28
20
99
1A
A6
59
25
60
AA
20
82
86
60
10
A2
48
52
0A
A9
14
9A
6A
8A
10
0A
46
04
68
69
64
5A
16
66
02
11
52
00
AA
64
41
52
14
62
29
15
AA
16
16
16
99
98
A6
9A
26
A2
51
99
81
92
26
40
54
89
24
45
6A
06
A2
16
5A
54
29
55
25
55
89
09
A4
40
81
89
40
91
94
4A
04
A4
85
44

