22
48
21
08
49
80
A9
09
AA
12
04
01
82
86
96
09
56
9A
86
4A
91
A6
51
66
52
44
6A
89
02
94
01
41
A6
48
51
02
A5
48
08
6A
54
46
94
11
66
69
20
56
56
99
94
58
90
96
58
56
80
96
89
9A
84
5A
99
00
65
58
09
A4
84
21
94
48
58
08
4A
69
12
65
60
A6
98
A5
A6
69
11
66
64
22
81
65
91
A8
05
55
84
49
51
88
80
2A
06
6A
AA
86
8A
96
62
6A
86
06
A9
14
15
5A
61
24
91
16
86
64
6A
49
90
80
61
81
5A
95
46
98
98
20
5A
A9
55
62
84
96
6A
88
84
A4
29
95
80
A1
68
01
29
86
98
04
85
85
51
45
26
55
A5
60
9A
05
02
55
94
A8
52
99
A5
06
15
A9
2A
99
84
54
66
41
51
2A
04
29
44
95
10
55
29
55
19
A4
90
25
62
A9
01
88
15
06
A0
54
14
54
A9
12
A8
52
81
19
A4
1A
20
18
98
61
1A
84
80
6A
AA
00
22
80
90
05
41
04
54
58
24
05
06
04
84
20
9A
AA
55
88
25
55
60
04
99
88
02
42
44
00
64
60
20
21
98
55
85
44
80
81
04
80
66
49
1A
21
2A
55
18
02
48
80
44
00
46
08
44
05
04
21
00
41
80
04
10
64
89
98
8A
A0
19
45
29
9A
6A
25
50
56
01
18
09
96
22
6A
49
12
44
51
84
46
6A
9A
92
8A
05
99
92
56
55
29
AA
14
A5
9A
29
9A
49
85
86
25
AA
66
A1
05
9A
68
2A
2A
A1
92
A4
42
95
26
1A
22
92
18
95
1A
08
65
59
1A
85
A5
5A
21
12
25
95
96
24
A9
59
64
98
8A
A5
91
14
81
69
29
9A
61
91
42
5A
89
19
69
A4
04
46
62
55
0A
14
80
90
16
94
62
84
A6
85
A1
56
A9
44
61
04
90
15
22
55
A2
58
4A
02
60
56
20
A8
46
94
A4
68
A5
52
A8
58
2A
45
19
25
49
19
A6
96
1A
66
59
14
20
10
61
85
9A
88
1A
01
5A
58
9A
80
09
49
18
09
00
96
06
19
65
45
08
46
69
48
58
9A
51
28
04
26
5A
89
01
A1
A8
A9
A4
40
9A
4A
A4
8A
0A
0A
6A
11
22
56
50
A8
55
AA
1A
56
00
49
55
51
29
60
A8
1A
8A
52
25
01
69
98
2A
41
98
55
A6
A5
14
85
A1
56
A0
44
94
42
A1
50
19
49
82
45
51
11
55
26
4A
02
42
41
54
96
19
55
91
61
A2
86
50
92
64
9A
A8
AA
A5
66
95
92
49
A4
44
15
56
45
58
A5
62
55
11
69
9A
AA
21
8A
2A
56
22
A9
4A
A6
A2
9A
96
88
50
15
22
09
22
20
01
0A
42
94
A0
62
44
0A
5A
08
08
12
A0
18
01
00
21
29
96
20
98
AA
00
98
A9
A9
91
84
80
88
A0
90
90
80
59
A4
21
42
6A
20
05
A8
A8
40
09
22
59
09
25
10
99
06
80
44
51
26
68
91
15
89
40
88
52
91
95
68
90
16
A6
60
95
02
4A
50
01
05
A4
95
A8
88
92
54
58
14
A0
98
80
54
51
6A
54
62
00
66
4A
42
50
01
25
59
68
90
55
1A
A6
68
49
51
A5
56
55
00
44
81
A1
90
12
21
59
60
41
8A
25
01
6A
61
9A
1A
55
68
44
1A
62
96
24
4A
61
98
84
26
AA
0A
A6
58
81
1A
20
62
99
24
88
6A
09
A9
41
A4
69
A1
29
24
54
A0
05
A0
9A
28
8A
66
81
2A
68
06
96
68
A0
4A
15
41
95
05
64
61
61
56
16
A4
51
54
86
09
60
9A
50
24
50
08
85
25
16
89
62
5A
81
49
60
85
56
9A
58
4A
14
99
A8
55
A5
45
86
89
41
A1
A4
A6
6A
51
89
65
6A
84
84
59
56
A9
04
06
AA
00
A6
45
00
A8
00
26
A8
08
15
0A
82
5A
A9
56
01
92
90
22
2A
89
00
26
20
20
A9
15
04
68
A6
A5
A4
55
22
A6
89
59
21
95
41
A2
69
48
01
98
96
AA
AA
85
A6
95
54
2A
44
8A
41
A2
5A
55
42
8A
4A
59
89
A9
89
95
1A
02
50
55
96
2A
61
A4
AA
00
94
68
A5
90
45
16
05
52
65
50
84
62
59
A4
05
16
62
2A
28
80
04
40
56
12
81
00
59
96
40
92
46
92
14
06
65
A8
21
12
50
55
20
52
59
26
40
A2
90
90
49
96
A0
96
65
19
A6
A5
92
55
54
58
A4
54
05
19
0A
5A
64
00
21
20
41
00
52
15
56
12
2A
60
64
21
94
86
49
54
48
49
01
A8
52
22
90
15
11
41
02
24
48
28
02
44
41
51
00
28
A6
68
82
28
16
12
21
50
21
20
82
A1
04
25
14
00
52
00
56
00
20
15
94
4A
12
08
96
00
80
89
10
21
A0
41
69
29
0A
80
80
40
88
90
02
50
68
21
28
69
80
55
96
98
49
A8
00
40
94
28
69
12
41
46
A2
62
45
A5
94
98
A6
A5
14
58
6A
86
46
89
09
14
8A
A6
65
21
88
99
9A
61
85
9A
18
59
96
65
05
18
AA
49
49
95
69
86
44
A5
64
09
08
A5
94
48
2A
11
01
89
29
AA
66
AA
64
86
96
A2
08
6A
44
62
64
A9
80
62
81
55
58
A6
95
6A
0A
90
66
64
40
49
69
21
82
6A
99
86
5A
A2
91
40
AA
A2
0A
9A
48
58
62
86
8A
AA
49
19
11
2A
88
20
1A
62
42
94
26
12
18
69
11
20
54
05
04
88
21
A8
A5
A0
48
89
0A
08
1A
A0
24
59
0A
26
45
18
54
94
24
14
96
86
8A
4A
06
08
24
86
65
90
4A
06
55
56
66
A0
26
28
42
46
66
69
26
A0
91
09
20
9A
29
59
09
2A
95
A2
A2
21
99
8A
1A
15
86
96
A6
81
16
4A
01
91
94
85
26
41
46
80
65
26
89
24
29
A6
84
16
14
A5
96
69
9A
92
92
48
2A
65
19
A9
11
24
56
86
55
55
22
85
9A
22
91
05
00
9A
64
58
8A
55
59
66
52
56
40
60
80
A0
A1
51
09
64
2A
46
89
99
A2
96
45
A8
55
89
A9
25
64
49
52
49
85
15
12
05
69
4A
16
65
16
10
50
18
68
6A
22
A4
96
11
55
69
80
A0
A1
AA
59
46
58
5A
82
A5
12
61
49
4A
04
49
06
98
5A
89
59
61
9A
82
84
01
6A
A1
01
26
A1
49
4A
10
91
A2
19
52
18
80
48
9A
86
58
00
24
20
A6
51
05
04
00
00
88
1A
26
41
20
59
50
98
49
A9
45
61
52
09
84
45
48
19
A8
00
26
A0
4A
82
86
0A
AA
84
64
5A
44
A0
40
94
58
12
6A
A6
26
A0
02
48
A4
2A
6A
08
86
14
20
96
A6
18
19
22
50
59
82
94
26
80
A8
22
42
16
14
A8
01
61
19
21
1A
6A
59
A1
20
68
22
99
16
95
14
82
1A
84
89
8A
98
5A
65
56
A9
04
58
86
18
84
6A
52
A5
A2
09
14
59
68
86
06
16
26
98
66
92
95
92
59
8A
0A
25
86
44
58
99
0A
66
91
09
52
59
92
5A
A5
18
2A
96
22
55
49
11
58
14
90
A9
84
18
50
56
04
44
64
90
41
A5
40
20
56
51
A9
94
69
06
96
24
A2
02
11
A6
68
24
61
05
19
15
86
AA
02
01
49
A6
45
1A
29
81
5A
80
A2
81
96
A4
5A
81
61
18
AA
A1
41
64
28
06
80
16
52
21
22
11
A2
94
15
A1
05
25
A6
52
10
52
5A
66
11
50
41
15
25
AA
45
60
A9
81
44
55
5A
95
A2
9A
99
24
42
89
A2
11
4A
89
A4
28
5A
80
94
15
45
82
65
18
15
81
A5
68
55
A5
99
19
15
A5
8A
69
02
61
02
21
4A
8A
99
94
99
8A
29
49
24
62
9A
81
26
66
A9
64
A8
25
40
A4
A4
06
45
9A
5A
96
95
6A
52
12
55
66
56
55
42
05
02
59
42
55
4A
92
9A
46
92
48
98
92
A5
AA
49
92
A8
61
68
1A
86
62
60
62
59
56
4A
44
65
61
99
A5
42
99
15
50
25
A8
88
99
58
20
00
00
40
06
40
20
04
25
46
10
92
80
05
A1
16
48
20
10
42
50
02
89
20
28
56
96
96
12
54
28
91
06
14
12
85
05
00
49
81
62
10
80
4A
20
00
04
21
08
61
20
21
00
65
42
08
12
41
A2
61
01
06
00
4A
89
A2
40
80
A4
56
40
82
00
10
28
00
02
80
64
A8
22
01
82
05
84
0A
8A
60
90
14
91
81
19
15
41
A8
48
29
8A
01
12
55
50
80
21
A8
98
29
A6
66
6A
16
69
8A
26
00
10
09
45
49
55
2A
94
1A
24
62
96
16
8A
46
5A
16
48
86
25
5A
14
59
A5
81
14
98
A0
8A
45
04
10
21
A4
88
65
6A
60
26
64
85
55
89
01
82
41
00
64
92
11
55
99
58
02
A5
5A
2A
96
09
A9
90
68
86
15
25
98
29
00
A9
1A
A4
AA
00
45
69
92
04
20
45
21
20
68
81
8A
56
11
21
A6
12
5A
51
55
92
A5
50
02
A6
89
66
24
99
A8
69
54
5A
A5
A9
24
54
A6
4A
A5
61
15
16
2A
81
1A
AA
AA
46
01
5A
41
08
11
68
2A
44
09
A1
65
90
28
96
A4
21
16
95
21
A9
86
61
41
5A
58
A9
50
25
65
16
81
24
50
06
82
14
02
6A
6A
1A
A2
89
A0
05
8A
80
89
98
28
96
96
40
A8
80
46
62
AA
59
A0
11
28
14
08
14
26
8A
92
45
A5
89
55
0A
18
56
05
4A
A0
95
A9
15
92
65
19
95
8A
A0
85
96
4A
64
66
16
46
84
81
A0
14
06
A6
09
96
68
65
A9
26
58
56
66
95
11
9A
44
69
61
52
65
46
51
58
68
96
90
65
64
88
54
A6
A5
22
88
45
88
9A
12
99
61
59
4A
98
52
52
96
28
85
45
92
82
98
25
68
A8
98
41
A4
0A
41
A6
61
82
40
82
61
14
01
04
A2
88
10
29
11
A9
22
91
01
88
02
14
61
00
00
94
16
81
56
41
22
2A
42
04
18
64
16
86
84
84
40
69
49
15
A9
1A
82
12
1A
16
48
05
68
80
85
11
A2
60
9A
20
94
A5
22
A1
25
AA
05
29
86
49
95
15
A1
80
40
11
06
40
14
44
10
11
02
41
01
08
22
55
90
02
A5
A2
8A
A9
6A
00
96
16
86
20
00
14
05
5A
9A
69
19
1A
A0
24
46
9A
A6
24
66
65
56
51
69
05
9A
44
90
6A
A9
65
86
4A
A1
90
2A
9A
01
10
00
65
12
80
12
09
15
A8
29
8A
4A
A8
52
28
A9
4A
10
15
55
A8
56
1A
42
42
A6
95
66
29
96
AA
69
A8
5A
64
81
64
16
94
5A
88
96
98
42
25
A6
64
A4

