50
29
15
A6
2A
96
86
09
9A
06
65
85
28
A5
95
26
96
68
9A
82
80
A8
19
66
95
91
24
50
68
06
49
AA
81
15
95
50
90
06
52
82
12
96
22
81
82
02
92
12
19
41
62
56
52
51
28
66
8A
98
90
1A
0A
55
46
A2
01
91
86
52
1A
18
91
62
09
0A
24
55
56
A6
66
95
54
26
62
95
62
59
68
A2
81
02
99
29
16
AA
00
04
96
96
89
29
4A
99
58
91
56
92
22
99
54
99
9A
05
2A
48
55
45
A9
89
A6
45
15
46
A8
A0
45
9A
AA
A6
9A
20
49
56
A5
58
06
09
9A
91
59
99
62
12
98
68
84
6A
06
94
52
99
96
96
56
6A
95
82
62
AA
66
55
AA
4A
60
21
A6
29
AA
84
89
A4
65
89
4A
15
9A
4A
60
99
90
0A
49
4A
99
68
5A
18
95
A6
18
5A
46
94
20
4A
09
59
A2
A6
02
AA
96
4A
99
9A
10
56
95
55
8A
56
A5
6A
A8
A4
9A
A0
44
52
60
95
A9
A4
89
6A
A8
A1
12
68
65
A8
61
99
86
58
A9
AA
68
A2
12
66
94
81
59
48
8A
50
56
A8
9A
49
96
45
49
95
54
A1
15
A8
5A
94
15
46
A2
66
58
0A
42
2A
85
69
6A
62
82
42
16
45
10
82
82
A6
A5
A6
91
49
98
16
2A
48
2A
04
08
08
19
56
92
A1
42
22
1A
52
46
9A
61
80
45
AA
09
25
02
42
82
A4
22
85
95
96
92
0A
8A
A0
59
91
00
55
4A
59
81
15
98
49
61
41
50
15
94
84
A4
A5
09
56
22
59
46
41
2A
99
18
24
96
A5
5A
60
8A
42
95
61
0A
14
60
68
11
41
15
92
12
52
44
5A
9A
88
88
55
0A
14
12
84
19
49
41
81
89
5A
42
65
50
A1
A5
81
49
94
14
81
16
92
96
91
98
65
66
9A
A0
95
2A
26
A5
18
6A
A9
55
51
55
60
58
46
00
06
10
95
84
66
49
05
95
69
52
9A
A5
16
90
42
55
81
12
9A
14
91
9A
80
86
52
A2
06
12
66
A9
11
64
85
49
94
A8
54
14
4A
44
5A
59
28
99
02
95
14
95
21
99
A8
4A
41
A8
A8
6A
60
8A
96
15
A0
69
A8
A8
A9
56
69
AA
A4
55
50
45
66
45
22
89
85
99
5A
90
15
85
69
99
56
15
88
56
55
99
45
65
86
16
8A
86
A5
0A
85
64
86
24
98
AA
16
06
65
08
A5
96
A9
AA
5A
20
84
98
54
96
A6
59
69
A8
42
68
48
10
92
99
06
5A
68
28
2A
85
46
90
44
11
21
1A
15
A6
5A
60
45
16
86
A9
56
8A
29
88
A6
A4
59
5A
A8
A6
90
1A
95
56
20
96
6A
21
88
21
09
20
19
10
06
58
89
66
66
56
99
21
86
66
94
A8
22
A5
46
4A
96
A8
21
14
98
56
8A
28
9A
92
55
56
40
44
6A
52
A8
05
29
89
1A
11
A1
46
48
89
1A
90
89
A4
66
05
90
42
88
5A
96
61
A9
9A
2A
99
00
65
22
5A
59
15
45
21
51
A2
1A
29
95
99
95
A0
51
26
90
A5
82
10
62
15
85
A0
56
86
80
98
50
26
05
81
05
92
01
A4
66
5A
8A
4A
22
50
22
26
89
60
80
A6
29
A9
54
86
06
65
A1
50
A1
56
16
1A
81
A5
88
95
A1
85
46
8A
90
45
56
58
0A
95
89
89
A1
86
48
24
8A
64
41
22
82
A1
09
68
54
20
85
28
6A
52
24
20
0A
60
95
81
84
4A
A0
54
59
59
0A
29
44
11
99
A2
55
05
54
A1
89
56
01
A4
99
AA
81
66
6A
19
96
99
44
54
50
A5
66
99
51
2A
A5
18
A6
4A
45
69
A9
82
94
52
96
51
A6
65
41
8A
26
62
48
1A
11
41
95
19
80
2A
95
5A
54
A6
98
15
48
6A
42
84
40
9A
A9
96
61
16
AA
15
A6
66
99
A0
50
24
88
65
12
A1
59
56
A1
A4
22
99
92
99
96
1A
02
69
2A
44
A9
15
5A
0A
95
AA
98
64
A6
48
40
80
24
24
56
2A
24
A5
98
2A
16
11
54
68
A6
99
25
26
09
29
A4
5A
92
A4
51
A5
92
69
55
55
28
A4
59
A0
98
A2
A4
21
44
42
6A
29
8A
52
6A
80
A5
62
68
81
2A
22
60
26
A1
52
A9
45
42
52
52
28
52
29
8A
AA
16
85
22
60
59
66
46
94
04
52
A2
45
25
0A
A0
96
61
6A
8A
49
20
58
06
02
A5
42
A0
94
A8
24
0A
29
8A
69
10
A5
99
64
09
10
16
19
A2
20
A4
94
65
89
04
18
16
85
15
A2
56
92
18
A1
51
5A
59
24
29
A5
48
51
69
A2
20
86
15
A0
24
64
91
A1
9A
69
6A
52
8A
55
15
A1
15
A8
AA
15
90
98
08
4A
84
84
19
A6
86
64
90
9A
6A
00
5A
95
92
92
1A
9A
21
60
62
99
A8
A4
85
20
50
29
A2
82
05
94
A8
69
56
94
A8
80
84
90
40
99
91
48
11
54
11
16
29
41
22
82
14
A0
86
41
98
84
24
12
0A
49
94
26
19
4A
90
92
01
62
01
22
29
01
14
91
A1
55
80
89
56
42
40
66
91
94
60
64
29
A9
4A
89
04
84
01
A4
25
55
84
50
9A
55
25
51
05
06
6A
12
24
66
00
84
29
54
88
56
40
61
19
84
29
64
26
55
8A
A1
61
46
46
42
64
99
09
21
99
15
A9
94
56
96
25
91
59
29
84
18
28
56
A8
A9
94
54
62
5A
AA
A8
12
11
50
49
84
92
18
65
26
16
66
12
6A
55
86
42
11
95
19
16
85
16
16
19
22
9A
40
49
A8
58
A2
26
65
41
66
1A
60
51
69
A9
55
2A
90
A9
95
00
A0
69
6A
6A
85
95
85
16
48
95
95
98
96
21
9A
81
14
20
69
59
98
40
28
AA
48
28
49
85
59
24
46
A4
89
42
84
94
02
66
19
82
99
54
96
64
64
5A
81
89
24
45
A6
96
51
05
14
18
99
14
91
45
18
9A
89
86
04
25
A6
86
64
5A
21
52
A4
65
A9
84
8A
92
A6
69
62
86
6A
09
45
89
6A
0A
A8
A5
AA
9A
91
45
99
89
24
06
00
52
52
8A
98
95
89
91
20
49
0A
86
AA
55
18
A4
95
81
90
04
AA
A9
A6
91
68
5A
02
59
A8
98
1A
60
64
69
28
11
A9
09
40
55
88
16
A8
49
AA
A0
28
A2
96
85
A5
80
91
42
66
A0
96
0A
46
A6
41
A8
09
A8
99
9A
60
46
68
46
55
06
9A
69
4A
6A
65
08
90
59
99
09
81
5A
8A
6A
99
94
6A
60
4A
95
45
A1
A5
64
69
02
19
06
A6
52
24
55
8A
9A
9A
8A
59
02
64
98
84
A4
8A
A9
95
21
6A
89
91
65
42
96
9A
55
64
68
86
05
04
6A
02
2A
42
2A
24
A4
88
A8
A9
65
44
18
09
16
56
96
56
80
86
A6
69
95
92
21
A5
5A
96
96
96
AA
29
25
09
A5
95
A1
92
AA
41
52
89
A0
22
20
A6
26
26
52
42
95
88
85
68
85
69
92
5A
88
85
02
A8
40
A0
51
56
98
55
64
28
18
AA
85
21
68
66
99
10
82
99
12
42
2A
54
50
84
A8
45
86
91
52
95
19
45
2A
50
A8
84
94
56
55
11
46
49
2A
94
54
6A
A4
18
A6
14
A6
50
2A
45
02
8A
AA
46
41
1A
18
40
61
9A
22
18
A6
45
16
5A
42
8A
0A
42
00
4A
88
96
55
90
68
5A
81
45
05
98
6A
58
69
06
52
64
28
A1
64
92
54
94
64
50
09
51
44
48
9A
12
60
22
06
44
51
19
89
90
88
11
42
59
A4
95
A8
50
56
95
96
8A
A9
90
92
19
58
04
88
61
16
95
95
15
92
95
61
68
59
1A
86
A8
99
62
9A
12
95
49
66
8A
A8
A5
54
16
26
A2
02
84
82
65
85
96
6A
60
16
8A
1A
68
AA
98
51
45
81
2A
92
AA
42
6A
A5
25
2A
A4
A4
09
85
44
52
6A
81
69
9A
88
69
A5
49
91
99
A0
11
95
98
10
A4
9A
08
45
2A
6A
56
54
41
42
86
56
25
52
59
1A
A9
9A
66
16
16
22
91
AA
48
48
64
4A
1A
49
05
41
46
90
09
91
66
56
09
49
45
2A
59
A9
6A
02
95
14
90
4A
4A
60
46
5A
68
96
24
56
4A
92
21
55
26
14
64
68
12
16
A2
91
2A
25
80
64
99
04
29
91
91
A2
21
56
50
40
09
15
98
00
02
2A
28
28
85
66
A9
61
98
05
45
55
55
66
99
26
91
62
21
04
09
89
25
68
11
19
A0
A8
05
10
52
06
50
16
68
42
46
44
51
60
A4
9A
98
02
16
5A
A4
98
92
49
22
04
29
26
91
94
A5
19
A0
84
21
44
82
20
86
46
01
59
28
62
9A
98
42
91
09
11
4A
50
92
19
46
96
4A
91
66
96
61
10
51
9A
19
64
96
A9
08
40
92
1A
5A
29
24
9A
81
18
0A
26
11
A1
11
A6
82
92
99
6A
69
86
62
00
12
64
A2
9A
59
95
9A
A2
20
50
50
21
5A
98
98
1A
A6
AA
66
90
6A
64
29
04
52
16
A0
A9
8A
64
99
65
44
22
55
01
04
19
29
90
05
60
96
5A
90
60
55
95
96
4A
A0
A0
64
24
A5
AA
06
61
80
58
44
A6
94
46
A6
80
A6
94
94
51
A6
95
56
69
91
91
90
A0
60
1A
00
A5
46
A4
29
95
51
9A
65
50
49
9A
95
45
94
59
48
98
99
1A
96
92
14
98
11
48
9A
68
28
12
24
54
A5
25
48
40
29
92
5A
4A
82
45
59
65
96
56
61
40
55
9A
96
86
59
55
58
66
68
81
5A
59
19
59
42
52
65
20
96
25
19
A5
21
91
A1
9A
9A
A6
06
A2
06
95
61
69
A6
91
69
10
55
51
68
98
92
1A
49
96
95
54
09
A8
49
91
9A
65
61
A8
24
59
60
16
55
84
06
96
94
08
A5
8A
9A
52
49
9A
59
A4
50
A8
8A
29
0A
65
06
56
81
29
50
58
96
68
05
68
89
12
A5
0A
96
20
55
02
6A
82
29
55
12
A5
14
6A
00
10
61
21
8A
92
54
28
00
92
6A
41
59
20
65
96
45
08
99
02
22
55
50
A4
29
68
65
62
A9
A9
AA
85
65
6A
68
2A
A9
0A
44
54
85
21
10
56
59
61
89
A4
2A
48
A9
49
95
4A
80
49
AA
82
66
24
99
00
14
04
24
59
50
40
09
A6
64
91
86
05
A4
58
24
68
4A
10
08
5A
14
98
99
A8
55
84
88
04
55
99
59
A5
66
18
A8
A6
41
A0
44
65
88
99
42
96
0A
04
66
98
A5
25
A0
96
2A
60
86
85
56
65
16
A0
1A
A6
49
46
28
16
82
AA
64
58
A1
58
85
61
9A
99
92
98
52
A0
1A
55
6A
A4
6A
9A

