A9
82
25
52
82
56
92
48
94
91
65
50
5A
61
6A
A0
5A
56
15
65
59
56
91
58
65
A6
45
44
54
51
2A
11
59
60
89
60
82
25
A6
65
56
02
92
A8
55
4A
96
44
69
92
62
60
62
61
60
26
14
96
0A
66
51
42
4A
64
19
55
59
5A
45
88
62
2A
21
85
02
64
2A
68
64
0A
A6
60
A5
44
9A
46
06
98
08
6A
69
50
AA
8A
98
55
98
A4
68
89
69
65
28
00
68
A9
88
94
06
19
26
A8
45
91
66
A8
96
9A
2A
58
91
0A
48
6A
98
8A
09
22
58
09
08
29
99
2A
08
80
29
91
56
99
99
92
80
AA
50
A6
16
51
15
62
A1
12
92
68
14
91
95
05
A4
21
52
A5
A4
14
56
86
A2
05
96
61
46
A4
5A
5A
86
6A
0A
0A
16
58
AA
89
98
21
80
52
96
1A
86
96
95
42
81
56
25
59
95
94
46
19
01
60
61
12
51
54
62
9A
66
19
89
A2
5A
A6
21
60
81
58
AA
48
A5
85
9A
AA
AA
99
5A
68
20
4A
95
68
41
24
95
5A
46
0A
88
A2
A5
A1
18
01
92
46
54
89
12
26
99
A6
00
20
A6
56
29
96
48
61
A1
26
50
24
86
41
5A
06
60
9A
16
69
85
96
A5
88
54
68
56
92
06
65
0A
96
89
24
68
90
8A
08
51
1A
A1
85
91
99
06
6A
9A
15
52
00
22
95
56
41
02
24
20
22
98
8A
85
4A
66
6A
2A
96
05
80
80
02
98
61
94
89
A9
86
50
48
28
2A
16
1A
55
51
11
05
68
AA
42
54
94
02
A2
A9
8A
9A
26
08
64
40
15
45
90
59
59
49
54
04
5A
14
65
49
65
42
56
45
A9
02
48
19
A0
99
55
02
92
66
98
16
89
18
56
44
58
65
60
20
A0
A0
52
40
80
92
51
41
10
10
50
90
91
A1
10
22
42
20
41
92
46
02
51
62
52
A4
90
A2
21
66
98
50
80
42
80
60
91
91
90
60
A0
68
41
60
82
A2
59
A2
82
50
51
51
92
00
80
20
1A
60
62
20
80
45
A2
82
58
90
92
08
59
45
91
40
A8
24
A0
61
51
12
92
80
4A
61
55
98
51
50
90
68
40
62
51
6A
80
14
40
A6
88
00
54
52
A6
05
A2
12
A1
91
62
A0
12
91
02
60
5A
41
52
44
85
28
09
A8
94
A9
A4
26
02
59
05
02
92
52
82
62
2A
01
96
46
69
01
29
48
55
61
99
A2
5A
6A
42
A9
90
12
A0
84
A1
84
A9
A0
1A
00
40
41
62
60
41
42
A6
60
52
91
95
02
12
96
89
A0
80
6A
8A
55
84
94
09
52
58
89
88
94
21
92
21
59
44
5A
9A
A5
51
22
91
92
96
90
2A
61
A6
60
9A
25
18
60
52
51
45
96
81
8A
98
92
25
42
A0
A4
91
04
8A
A9
49
54
94
81
A6
52
12
81
A9
42
58
42
98
24
89
41
09
65
A0
49
96
2A
A9
88
8A
58
0A
25
42
58
11
45
18
46
52
45
22
56
A0
8A
21
68
52
58
A1
90
16
66
84
84
08
40
65
A6
0A
91
91
61
45
90
01
64
01
10
20
80
60
81
50
80
24
A2
11
20
A1
61
48
90
40
51
24
14
92
22
10
62
10
22
50
51
A1
09
10
51
50
A2
96
00
10
84
02
90
91
91
92
60
14
42
51
12
A0
52
A2
22
61
41
19
90
50
04
02
A2
AA
21
61
90
10
92
82
A1
41
98
20
22
61
A0
62
60
91
40
84
81
11
52
50
51
A6
A8
61
61
82
51
80
00
21
50
91
61
45
55
44
64
8A
26
5A
A4
21
65
25
A2
1A
68
19
91
0A
4A
62
10
A0
19
94
98
65
12
24
05
40
56
92
2A
56
14
68
42
58
A5
5A
60
58
48
A8
19
02
56
9A
1A
44
A9
9A
A0
68
10
A4
95
80
14
46
64
5A
A0
4A
09
14
28
69
94
96
55
02
59
6A
01
84
95
2A
86
6A
62
A2
28
58
A9
68
54
49
24
25
02
88
56
09
05
14
64
01
A5
5A
66
A9
56
94
04
6A
15
1A
56
99
69
91
54
86
5A
89
54
84
99
49
00
15
94
95
86
98
A4
9A
89
5A
A4
90
64
60
56
91
9A
48
96
11
5A
21
59
85
85
69
A5
A8
AA
86
86
09
48
6A
48
0A
AA
5A
A0
8A
56
58
55
A6
14
AA
91
2A
95
11
96
49
4A
A2
46
41
15
24
59
A2
68
81
A4
68
68
26
60
86
99
18
88
A9
62
50
62
60
42
06
42
0A
86
1A
4A
84
4A
94
A5
98
8A
19
22
65
A2
85
29
05
62
54
99
45
54
A6
89
94
58
9A
05
80
26
19
5A
56
4A
96
A4
8A
91
00
24
84
86
1A
52
15
22
2A
06
54
6A
99
84
56
A5
28
16
69
52
59
69
81
25
11
89
89
16
85
66
48
21
2A
91
A6
86
85
62
58
84
16
16
1A
95
05
A2
96
99
20
69
55
80
94
56
AA
69
58
82
29
55
A4
56
51
68
05
84
86
95
49
A5
10
26
92
90
66
40
95
A5
05
62
16
15
A9
19
A5
50
A9
49
88
AA
2A
A4
61
92
58
51
89
29
82
AA
11
A0
85
80
22
65
56
14
85
62
02
26
54
01
68
1A
56
0A
20
00
59
45
51
AA
69
A0
58
28
99
46
A5
A9
00
A1
65
69
59
25
5A
48
96
11
26
54
18
68
09
26
12
8A
AA
88
16
81
50
91
64
44
01
24
26
A9
9A
60
8A
5A
95
92
9A
18
19
85
12
94
55
45
92
4A
59
46
64
5A
5A
94
01
19
22
95
16
92
81
88
99
59
49
04
18
20
54
90
29
25
22
A1
01
18
25
A5
61
85
66
6A
21
56
5A
29
95
22
08
45
16
55
86
6A
45
89
96
25
56
16
5A
24
60
95
62
81
09
A1
9A
4A
66
8A
66
55
86
95
41
28
09
AA
08
86
AA
88
66
5A
58
04
25
25
52
52
55
18
61
94
11
55
61
A5
15
18
A2
42
A4
26
51
A5
91
24
25
68
66
95
82
26
22
94
25
8A
A0
96
5A
19
A1
24
89
28
02
52
98
46
58
86
56
AA
4A
AA
A5
58
25
59
AA
55
82
85
54
55
95
9A
48
4A
2A
66
29
01
01
01
61
40
4A
AA
A9
8A
16
84
5A
51
65
00
A2
66
69
95
61
29
20
85
22
29
11
89
45
82
68
6A
A8
95
48
11
52
86
64
AA
42
A8
98
60
A0
15
94
80
10
26
92
55
2A
9A
12
10
99
49
46
54
1A
16
22
10
92
66
84
66
22
18
55
62
22
A4
AA
A2
89
56
60
18
99
A4
6A
81
A5
84
A6
4A
51
AA
6A
91
59
54
60
02
66
26
A6
45
89
4A
10
89
2A
A2
18
49
1A
4A
85
84
88
65
86
10
22
25
A9
49
86
86
15
92
49
82
86
92
5A
9A
20
2A
A5
05
16
61
40
02
42
88
59
15
22
0A
A1
21
A2
50
52
24
18
92
90
41
49
16
61
A6
95
28
0A
02
80
18
26
18
95
08
91
A0
16
56
A5
49
26
49
19
42
19
6A
51
1A
62
56
9A
98
15
AA
28
28
85
16
99
A6
9A
44
26
95
80
65
95
54
24
A4
9A
1A
68
06
98
9A
A9
92
99
95
A4
54
99
21
95
50
54
A9
62
5A
8A
81
A9
A1
A1
48
82
99
9A
40
41
15
0A
81
49
0A
48
96
65
54
A0
24
85
50
A8
5A
52
25
56
04
0A
62
44
AA
5A
A2
16
40
4A
A1
62
5A
A9
28
9A
29
06
11
1A
54
04
91
59
29
25
16
A4
1A
A4
65
09
42
02
85
A8
9A
A6
4A
06
95
40
65
59
99
92
55
51
44
06
AA
0A
62
05
54
AA
A5
16
69
62
65
96
24
45
9A
26
51
58
91
99
2A
A2
01
6A
A9
24
81
20
29
65
05
51
60
05
22
28
14
25
A2
6A
46
9A
55
11
15
14
54
95
9A
46
29
A4
5A
2A
A1
9A
44
21
62
6A
5A
51
62
10
59
16
89
66
81
25
28
9A
05
99
89
AA
5A
69
19
29
19
26
64
A5
96
06
89
66
86
25
24
59
A0
45
24
91
50
8A
5A
50
25
A4
6A
1A
20
22
8A
61
85
A6
15
40
98
44
6A
9A
61
45
64
90
A4
88
61
99
A4
5A
1A
89
5A
09
A0
24
5A
99
A9
6A
21
89
99
44
95
58
28
64
42
42
59
AA
26
14
1A
9A
A0
44
14
10
52
04
22
48
6A
8A
80
25
89
50
88
88
91
21
61
45
19
85
1A
50
66
A1
A8
59
84
96
00
48
9A
48
5A
62
94
18
4A
10
92
45
64
49
8A
A5
65
0A
92
02
8A
A6
28
41
A6
92
68
A8
45
44
82
9A
68
45
25
49
A8
A6
49
56
A6
1A
90
41
66
4A
96
54
A1
10
AA
14
04
86
81
09
9A
50
6A
21
A6
44
49
89
98
A2
95
96
18
04
95
AA
88
20
A0
51
96
2A
1A
24
19
A2
82
92
50
4A
4A
52
A2
84
A8
5A
A1
A6
0A
42
92
01
69
86
21
8A
A4
96
04
25
A9
86
11
2A
21
61
1A
46
AA
42
45
88
10
A0
84
52
29
4A
04
41
99
1A
9A
81
62
A4
98
6A
44
A1
86
1A
96
89
52
94
99
25
A4
58
16
25
82
86
A2
A8
62
25
10
21
85
04
A1
52
99
56
44
85
01
02
84
92
8A
2A
84
25
54
89
41
56
62
25
96
40
49
48
95
85
89
8A
58
96
68
6A
29
16
A1
A6
89
A5
0A
90
99
94
54
65
55
19
18
82
49
02
29
22
20
00
25
50
18
A5
98
69
11
80
9A
06
58
16
10
65
62
A4
04
40
A6
12
68
29
9A
29
44
88
94
56
99
62
52
52
81
68
68
08
69
59
2A
65
66
10
58
A4
56
5A
68
40
52
65
66
24
6A
25
AA
45
A6
64
68
49
18
25
58
29
51
92
96
68
66
1A
86
85
A5
A6
59
65
42
61
9A
86
1A
54
45
2A
99
45
95
6A
12
5A
A5
25
64
44
A8
48
46
1A
86
05
49
15
2A
1A
42
10
5A
99
89
4A
4A
28
65
A5
99
5A
26
99
91
82
86
68
95
21
49
50
11
A4
95
26
2A
AA
24
59
06
64
A2
98
04
14
18
90
A6
29
A0
AA
26
52
42
28
06
05
21
69
A1
52
54
66
59
A9
90
96
90
06
61
86
05
48
91
14
18
A6
58
28
5A
94
98
80
66
2A
A8
A8
88
48
85
52
26
45
A8
22
98
86
58
21
50
11
42
68
20
64
96
64
46
00
5A
A6
82
09
22
A5
85
10
15
11
06
45
A1
44
61
5A
14
89
5A
06
64
9A
1A
A5
A9
82
58
12
1A
A0
82
29
16
22
15
48
20
52
82
A4
A4
49
59
85
99
08
82
11
12
8A
A5
6A
00
68
44
14
A0
05
56
26
26
0A
14
A6
5A
86
A5
80
96
68
A4
82
A5

