46
A9
56
41
55
6A
25
45
4A
65
04
46
22
25
4A
12
A9
21
44
1A
25
61
62
62
4A
A1
12
44
82
90
44
61
A2
80
29
14
A5
11
8A
5A
99
62
A8
19
69
26
9A
00
66
91
6A
98
84
29
55
59
05
98
12
66
51
06
A6
21
26
51
62
41
82
25
A0
52
96
AA
09
61
58
A9
22
5A
9A
01
A9
81
91
41
46
29
A1
52
98
96
90
96
04
62
01
95
A1
95
8A
52
40
41
85
65
92
55
81
85
A6
01
A2
55
82
56
95
64
69
55
46
44
08
85
02
25
15
29
66
19
A5
45
19
40
99
A0
11
95
99
41
96
60
99
11
15
94
60
62
A5
89
99
99
A5
59
65
96
05
2A
A6
99
91
55
92
99
94
94
94
66
A1
92
90
46
59
92
6A
A4
40
A2
94
22
11
91
A4
5A
A4
A9
09
A9
50
15
9A
62
66
09
14
11
18
00
08
10
25
99
18
04
88
60
A2
A2
2A
86
0A
90
89
98
06
08
A6
40
94
15
52
05
04
06
01
54
A2
00
A2
26
28
62
65
91
11
21
19
18
06
A2
A4
48
89
6A
01
04
66
42
08
49
09
86
99
6A
04
21
01
19
AA
12
62
99
89
50
11
04
05
85
41
81
25
42
12
80
64
90
09
40
04
A6
11
61
26
60
11
05
11
55
A8
55
45
89
04
0A
45
46
92
69
44
55
45
95
02
A6
4A
66
A6
16
89
99
60
01
41
86
15
45
89
90
96
0A
44
AA
22
11
05
65
A0
A8
A8
99
10
99
85
99
52
86
8A
98
66
AA
60
AA
9A
25
89
02
80
12
6A
54
56
64
16
55
56
92
64
65
5A
92
16
86
15
A9
98
22
51
15
59
94
16
5A
65
84
6A
46
9A
5A
81
66
61
42
A2
64
42
01
80
9A
06
88
A6
AA
44
60
A1
86
2A
68
20
44
44
6A
60
52
56
99
80
19
24
84
95
62
44
80
A4
44
62
04
09
A8
46
86
66
95
A6
0A
64
28
24
95
51
6A
0A
84
68
95
85
82
94
08
A1
6A
6A
89
65
66
15
28
99
81
50
A9
61
21
22
92
95
42
5A
A9
18
5A
44
62
8A
22
10
84
49
95
45
55
A5
89
A8
84
05
85
05
69
55
90
A8
65
86
21
99
92
95
2A
44
01
5A
01
0A
1A
16
1A
5A
A5
A5
25
60
60
8A
A5
0A
29
A6
61
55
45
90
45
0A
6A
99
46
16
69
A6
A2
A8
29
AA
5A
90
99
A2
98
61
21
81
5A
65
52
89
5A
A2
64
65
44
A6
55
80
62
A1
95
59
42
94
42
25
69
24
15
96
52
80
98
15
58
28
55
8A
85
62
54
A8
08
49
28
54
24
AA
5A
4A
89
A0
84
99
42
10
A8
40
A0
49
A1
29
54
82
59
48
04
48
90
82
28
94
52
1A
10
50
21
A2
14
50
10
28
40
28
02
4A
62
4A
52
06
20
66
06
89
06
20
49
98
00
99
6A
06
6A
42
21
12
A8
42
40
25
82
66
28
20
01
6A
69
50
A0
85
01
2A
14
11
04
81
41
10
26
80
89
48
21
29
92
42
08
62
55
62
18
60
A4
06
66
15
68
A4
51
58
46
98
55
05
25
A0
04
A8
12
50
A8
50
60
26
85
45
56
4A
25
A8
81
02
0A
42
55
A0
A6
A5
0A
6A
A2
14
88
2A
2A
90
42
69
A9
24
11
00
94
10
99
6A
16
61
6A
80
54
01
95
19
91
91
2A
12
40
A2
19
54
02
A9
61
AA
A9
96
15
59
20
2A
18
99
82
01
92
95
95
A6
4A
6A
56
A4
6A
66
60
9A
40
94
4A
29
54
24
A0
42
69
60
61
5A
69
2A
1A
08
4A
56
04
AA
1A
2A
86
14
50
46
6A
86
A6
25
68
A8
50
A4
29
15
80
22
62
02
82
12
95
A0
6A
09
11
52
62
25
59
11
A4
2A
24
86
20
04
20
0A
66
59
09
02
65
66
6A
4A
82
29
65
46
58
A8
49
A5
64
AA
51
69
89
28
49
41
96
6A
4A
80
0A
46
16
56
92
A2
A4
6A
04
59
89
91
46
AA
98
42
58
69
91
A2
08
54
25
95
56
86
92
24
94
55
90
A4
4A
4A
68
55
AA
45
AA
50
14
A6
6A
99
56
66
69
28
26
18
88
82
88
06
51
18
55
64
0A
1A
61
28
04
69
96
91
59
66
A5
A6
A5
A8
65
00
28
85
99
A6
58
20
A6
51
91
58
86
15
46
8A
2A
95
1A
5A
49
A1
54
60
6A
08
46
45
66
61
40
26
82
0A
86
95
62
02
20
48
10
05
09
06
09
20
A9
6A
4A
06
40
24
40
21
84
A6
80
01
A6
16
99
95
49
01
04
15
12
62
19
68
04
19
00
10
02
50
19
21
49
06
01
94
68
24
08
20
04
51
48
08
56
A0
02
A1
42
29
4A
90
42
56
28
42
88
54
0A
21
82
85
82
01
84
A0
81
00
12
04
80
00
60
04
06
10
40
90
00
10
06
80
18
19
A0
92
59
65
A4
11
62
AA
66
94
08
20
A4
59
12
61
69
40
55
22
89
12
55
02
94
00
A4
12
A9
49
A5
02
99
82
26
59
50
46
26
59
54
5A
A1
54
55
46
02
8A
14
21
18
61
82
A1
49
28
25
A2
8A
6A
44
2A
61
24
15
85
98
50
22
89
2A
68
60
40
29
12
A9
11
2A
2A
96
A6
00
46
A2
9A
04
6A
69
88
60
89
A2
81
92
24
46
21
A4
48
92
45
85
42
65
A1
A5
2A
94
01
59
14
58
06
54
05
94
98
24
60
61
05
54
22
41
55
89
2A
44
95
02
1A
69
69
02
55
51
0A
58
AA
45
26
62
20
94
90
60
01
11
19
04
45
24
09
82
4A
28
A2
84
05
84
58
14
29
91
1A
9A
98
8A
9A
04
22
19
A1
44
29
44
58
90
6A
2A
8A
1A
1A
42
61
A1
44
96
6A
08
24
52
94
0A
10
26
44
85
20
19
65
95
05
16
20
84
16
51
09
55
49
40
96
55
19
62
22
25
95
A5
46
A1
65
91
42
21
09
01
82
24
95
16
A6
A4
62
49
91
91
AA
94
42
A2
89
9A
55
15
90
94
91
20
09
8A
09
80
45
A2
88
20
A6
51
8A
08
90
02
18
A4
28
6A
15
A2
5A
95
06
26
22
44
22
85
A4
A8
45
28
58
89
AA
95
1A
5A
55
6A
1A
22
09
21
86
98
85
15
2A
05
2A
91
19
AA
0A
8A
4A
95
56
10
85
58
14
01
06
22
61
92
21
80
98
10
00
18
18
45
4A
29
61
01
80
65
02
11
00
8A
82
45
98
01
05
08
85
88
00
A2
84
10
40
99
44
20
08
22
6A
9A
00
20
12
40
40
84
90
21
95
A2
04
64
80
08
61
40
0A
A0
8A
20
00
48
98
AA
20
05
02
68
00
09
40
18
69
15
48
29
10
06
48
1A
14
69
58
58
16
A9
55
A6
88
14
48
6A
1A
61
56
A4
26
AA
62
AA
A2
12
80
9A
94
50
89
15
A6
66
94
59
4A
48
84
25
06
58
A6
01
82
06
25
55
84
41
A5
88
55
09
19
48
65
48
95
6A
02
96
88
49
81
A1
A5
6A
9A
66
26
96
A5
A6
0A
A2
42
01
A5
86
86
A8
09
19
85
26
88
59
41
26
29
66
24
64
64
24
01
24
64
29
00
15
A0
61
94
A1
25
69
64
89
42
24
25
29
58
6A
28
25
A0
85
61
90
0A
01
61
59
61
52
1A
81
56
86
50
89
9A
94
24
90
69
18
80
A2
55
84
99
22
61
60
59
8A
61
00
55
55
25
9A
90
62
A8
82
88
55
5A
26
10
A4
A8
22
61
5A
99
94
8A
19
89
95
56
54
25
A6
5A
82
05
0A
66
44
1A
99
0A
A1
10
55
99
59
91
52
90
98
92
84
89
45
25
2A
8A
24
28
19
26
14
86
41
A8
54
95
AA
05
89
A4
A1
12
6A
6A
22
89
68
06
A6
08
91
62
58
42
49
06
42
19
96
81
A6
92
16
28
51
2A
99
22
12
84
5A
88
51
9A
A5
15
11
A1
41
85
29
A5
A2
51
21
1A
46
46
92
95
82
A1
69
68
55
2A
04
69
29
A8
20
A9
40
20
0A
10
10
40
20
82
12
28
21
06
41
06
00
06
50
09
04
84
21
0A
98
46
81
98
86
09
A4
80
09
00
05
00
10
08
00
92
58
06
05
28
80
55
2A
04
14
8A
10
14
60
20
20
21
21
10
14
00
68
90
04
09
44
20
04
A2
20
26
92
05
29
00
18
51
12
AA
54
90
09
06
02
24
02
52
12
02
55
00
10
22
08
82
20
82
02
5A
08
44
9A
24
85
59
21
16
9A
11
49
44
95
06
8A
41
A6
60
85
00
65
91
99
26
48
20
A5
68
94
11
46
66
59
A9
A8
A8
2A
A6
68
A5
59
48
02
22
40
44
45
8A
9A
11
58
91
66
06
88
41
9A
A4
91
16
45
54
99
2A
42
80
A2
54
65
62
A2
16
69
62
11
54
09
A8
89
4A
48
9A
12
45
62
64
15
55
41
AA
95
26
81
61
88
98
45
06
45
05
01
01
95
56
48
22
40
5A
65
46
04
88
49
6A
45
41
69
19
28
6A
52
04
64
A4
A2
12
64
62
92
22
AA
59
59
55
69
49
A9
80
10
50
A9
A8
A6
01
82
09
A4
28
A5
51
09
9A
21
04
06
A2
9A
19
95
45
61
48
90
04
40
44
25
12
55
66
69
21
A9
65
16
14
60
A6
84
AA
14
14
02
65
09
26
96
A6
24
95
82
A1
64
80
0A
02
22
5A
11
A2
55
59
65
18
A2
61
95
A6
02
AA
15
95
99
49
61
A2
92
45
AA
66
1A
98
99
69
96
95
49
44
54
A6
65
24
8A
86
51
55
50
A2
49
84
82
60
49
52
20
9A
61
05
88
52
A6
AA
05
61
5A
12
14
25
01
59
96
85
44
62
99
46
50
A4
96
61
29
51
59
21
9A
4A
81
99
45
AA
A4
12
86
96
69
08
61
59
06
21
82
1A
01
22
01
11
82
9A
92
98
00
40
15
21
10
58
18
12
49
86
8A
00
49
05
94
08
94
25
25
18
01
40
18
40
45
51
50
12
06
98
44
02
98
08
A2
9A
40
A2
14
54
25
60
A5
28
80
2A
69
92
08
48
01
94
20
55
48
61
A1
90
00
10
98
40
02
A2
58
15
20
A0
1A
59
5A
88
18
01
44
28
08
11
00
0A
82
4A
18
0A
42
54
64
52
6A
16
52
A8
89
0A
9A
68
56
04
A0
69
95
52
8A
A5
66
01
94
2A
A9
16
55
88
5A
98
85
A5
56
09
8A
5A
80
58
69
25
66
69
92
A6
66
2A
96
86
02
24
48
61
18
A0
96
18
66
59
16
61
61
26
A4
12
01
24
20
50
01
41
96
15
51
92
19
AA
11
6A
95
4A
2A
86
98
92
50
64
91
0A
41
58
19
26
A5
2A
55

