00001010
00100010
01100101
00010010
00000001
10101001
00100001
01011010
01010001
01000101
00000101
10010101
10011010
10001000
01011001
10001001
10011010
10101000
10101010
01100100
01001010
00000101
01010110
01010001
10100110
00101001
01000001
10011001
00010101
10101001
01010110
10100101
10101001
10000010
00100101
01010010
10000010
01010110
10010010
01001000
10010100
10010001
01100101
01010000
01011010
01100001
01101010
10100000
10010000
01010100
01010000
01010101
01011000
01001001
01011001
00000110
10000100
10100110
10010101
10000110
00010110
10101000
10100010
01001010
