61
A0
55
41
04
6A
52
25
90
92
66
62
55
2A
A6
A5
6A
15
AA
56
A4
9A
19
2A
61
96
48
01
99
81
A5
44
20
56
90
A8
11
19
0A
29
69
09
0A
52
99
69
24
8A
28
99
9A
85
56
91
40
56
A4
11
A8
42
A9
92
16
89
14
91
5A
52
11
92
AA
95
5A
06
96
24
A5
86
98
6A
88
20
69
51
82
61
81
80
10
55
51
85
58
49
55
91
A5
94
11
56
81
41
65
96
82
49
50
15
05
55
6A
2A
55
49
A1
56
8A
8A
AA
01
9A
AA
45
12
44
9A
61
05
89
88
A4
AA
59
60
25
04
12
A0
18
62
61
16
95
6A
88
52
11
05
26
49
05
A5
6A
69
18
45
6A
46
42
66
65
95
42
A9
65
56
54
A9
56
A2
60
29
25
A4
14
62
8A
15
64
AA
A0
02
65
68
28
62
98
68
A6
16
A5
A9
6A
A0
12
99
49
62
24
46
96
44
22
8A
A5
81
49
06
99
16
8A
8A
19
AA
40
A8
44
6A
9A
98
A4
16
58
89
A2
A1
12
64
5A
66
12
85
15
54
06
41
54
6A
46
A8
08
A5
08
28
15
64
18
01
2A
82
A9
85
5A
58
AA
9A
61
91
25
A5
40
21
56
06
91
49
82
68
01
89
66
01
28
5A
08
A6
55
A8
AA
1A
22
5A
52
89
69
62
9A
69
8A
A0
6A
66
55
98
06
66
58
06
04
68
95
44
51
15
08
59
A4
A5
81
2A
29
68
46
81
56
A2
64
01
29
5A
40
58
A6
A4
82
02
9A
A6
80
AA
6A
42
09
21
15
16
A4
AA
45
94
A6
64
62
22
10
62
48
55
45
64
99
28
25
50
26
15
06
06
45
20
04
54
09
90
28
98
85
51
45
A8
45
46
58
00
66
16
69
59
0A
64
59
68
58
28
4A
66
60
60
A6
66
14
81
A1
5A
16
69
9A
AA
64
82
A8
64
41
A4
90
56
28
59
61
11
81
10
95
28
5A
29
2A
A9
69
A6
16
64
61
99
66
8A
61
64
92
A5
96
05
2A
A1
50
65
6A
98
9A
84
99
65
91
26
99
69
66
55
91
61
85
22
61
6A
89
11
46
44
A4
96
25
61
46
11
65
9A
A9
A9
26
66
A1
92
06
A1
99
16
6A
85
14
89
91
92
24
40
56
1A
46
85
19
20
29
16
58
61
99
A8
59
49
11
A9
28
99
6A
A4
60
A6
66
54
96
59
24
81
92
62
14
16
AA
91
99
2A
61
14
9A
69
14
46
85
A2
12
15
90
65
88
90
41
91
9A
A9
04
18
68
45
11
65
20
50
14
14
90
A6
90
A8
89
51
A0
89
66
0A
14
A9
15
96
A4
AA
A4
2A
98
58
95
46
54
5A
15
04
04
96
09
A9
4A
A8
51
A6
24
98
64
82
29
5A
65
18
9A
A4
00
46
28
92
85
8A
9A
56
2A
5A
AA
62
15
16
56
29
A4
1A
5A
19
8A
84
A9
45
56
60
6A
52
51
20
8A
11
14
80
4A
8A
55
A6
66
5A
50
88
84
50
A9
58
28
51
12
45
AA
95
55
5A
9A
16
99
12
A9
4A
59
56
4A
1A
50
AA
56
51
9A
46
51
A5
9A
20
89
09
61
A4
85
9A
80
20
55
26
61
85
9A
24
64
06
92
15
16
A1
11
58
59
09
52
AA
95
58
A6
49
95
40
52
86
15
44
AA
00
66
58
92
81
89
19
05
4A
96
A0
A0
66
24
60
50
42
22
69
49
46
16
81
40
12
69
95
56
16
80
65
89
21
99
65
0A
8A
62
26
9A
50
5A
5A
96
16
12
44
99
94
90
18
A2
65
28
A6
99
25
81
46
5A
99
56
82
84
AA
04
62
8A
16
16
99
01
44
50
26
64
A8
42
25
A8
12
9A
99
80
A5
54
50
51
81
69
96
5A
65
46
08
25
66
19
89
55
92
06
96
18
55
AA
09
22
65
52
15
48
44
A9
95
20
0A
26
59
68
86
45
A1
69
29
A6
85
1A
A8
56
29
4A
4A
A5
15
12
41
55
85
66
22
51
A8
AA
12
6A
1A
28
29
6A
18
A4
98
A5
28
59
69
52
98
50
41
44
58
64
44
88
26
52
94
40
02
18
62
A4
8A
2A
24
09
81
06
95
59
58
69
21
8A
65
A8
AA
A4
4A
16
24
86
A9
06
50
88
05
98
95
98
A5
5A
A5
40
5A
29
09
66
50
95
15
65
82
56
65
58
86
9A
18
A9
55
0A
A1
14
98
26
AA
60
21
A6
61
56
10
90
65
A1
90
A5
26
28
82
A0
11
91
95
12
A5
85
A6
55
54
2A
A4
06
52
5A
85
0A
88
1A
10
41
46
91
96
88
40
1A
92
49
25
92
59
A0
11
54
54
45
80
14
A2
0A
95
0A
99
64
91
82
96
62
5A
68
51
5A
61
4A
6A
45
A5
61
58
6A
49
59
55
49
96
A6
19
61
55
99
89
A6
21
A8
12
19
A4
61
68
95
45
69
A8
45
46
2A
46
85
A8
09
94
2A
61
A9
10
60
2A
85
64
0A
51
50
52
6A
05
81
14
80
A8
62
26
A1
90
16
99
5A
69
51
44
08
18
92
55
61
49
A2
58
16
50
44
84
A2
61
92
A4
A1
51
86
05
65
02
98
A5
92
46
59
85
94
19
82
06
44
18
09
81
2A
25
89
AA
94
62
66
59
04
0A
A8
25
42
68
62
14
82
51
52
85
AA
62
AA
80
98
2A
00
42
95
66
52
0A
19
44
40
56
54
A6
66
95
02
A6
15
82
90
50
56
88
92
8A
48
69
69
94
64
92
A1
6A
64
46
56
54
8A
40
16
41
19
A0
64
09
26
9A
89
15
61
96
2A
98
15
06
A0
1A
69
AA
02
16
69
A0
AA
42
19
92
61
09
68
6A
9A
A9
A6
44
02
A4
98
8A
A9
4A
94
A2
99
04
61
49
25
A1
A2
61
1A
66
61
84
A5
59
A8
61
29
96
98
01
59
44
92
4A
A6
A6
50
19
40
44
88
98
A9
A8
68
95
40
48
91
89
46
86
96
99
56
AA
59
20
18
51
08
89
69
54
66
91
46
8A
55
64
A9
95
61
02
96
69
8A
64
15
8A
50
28
88
A4
95
52
60
51
59
52
A9
92
06
25
A2
94
02
AA
2A
19
04
09
61
91
66
82
52
29
5A
1A
A2
A6
16
64
1A
9A
55
A1
44
84
66
18
24
86
9A
09
14
A4
48
9A
21
16
55
55
52
54
52
06
2A
5A
21
80
88
96
42
55
58
4A
52
A6
28
AA
14
8A
91
61
64
8A
95
49
95
84
A4
0A
12
58
60
45
29
A2
5A
95
65
99
4A
5A
AA
A4
95
06
2A
44
6A
21
99
12
95
6A
41
A9
29
6A
99
19
68
26
25
21
68
5A
24
66
A6
56
05
29
58
8A
51
91
90
14
9A
4A
A4
1A
41
4A
81
66
15
66
0A
9A
86
A9
49
AA
66
A1
2A
46
48
49
81
90
A0
A5
65
54
12
66
19
62
A4
50
5A
29
84
55
18
5A
29
54
58
89
46
21
65
58
05
A4
66
02
91
A5
68
85
16
61
50
52
86
14
29
99
02
81
60
96
04
82
90
86
15
09
1A
AA
46
4A
A8
A6
84
99
A8
02
44
59
2A
16
99
09
1A
48
29
A9
85
81
60
24
56
06
22
49
55
54
A9
09
41
51
42
81
AA
25
00
81
81
82
05
45
95
A1
54
69
48
11
12
56
55
1A
68
24
51
29
A2
5A
46
8A
29
16
9A
1A
1A
29
29
66
9A
21
2A
29
26
95
91
51
06
60
59
5A
65
14
A9
14
25
A5
14
28
02
5A
52
24
84
2A
92
5A
14
55
29
01
55
02
61
54
09
94
26
64
49
2A
9A
19
60
18
24
84
A6
61
64
5A
58
82
9A
11
08
8A
19
95
10
55
48
95
4A
59
9A
91
91
2A
12
A4
00
98
90
49
88
45
58
48
A5
18
61
18
94
80
04
90
55
65
46
A9
19
8A
61
A2
AA
90
28
AA
20
65
6A
5A
21
6A
8A
A9
46
A6
55
5A
8A
A9
A6
62
22
99
59
2A
9A
9A
9A
A8
28
4A
1A
05
6A
A5
10
58
42
A8
46
92
88
56
15
55
26
96
54
96
65
5A
10
21
A1
86
A6
59
89
A8
42
99
98
69
49
05
8A
90
15
16
A1
94
65
60
56
21
A9
6A
49
20
24
A8
05
45
11
66
A5
5A
A5
62
21
61
92
55
66
A6
96
A5
59
89
28
90
A9
69
A9
A2
86
46
04
61
AA
92
24
4A
28
19
86
56
45
64
6A
45
49
49
2A
48
88
09
66
01
49
6A
A5
99
8A
16
14
0A
69
AA
24
82
90
62
80
10
29
A6
1A
88
20
80
A9
68
48
09
99
45
85
A9
2A
51
85
A0
16
4A
A1
94
49
14
56
25
A5
A1
88
24
95
16
68
AA
AA
55
55
21
65
86
26
04
9A
60
15
21
14
18
50
40
1A
29
10
88
A5
28
16
2A
60
60
55
19
5A
85
15
29
96
01
10
A6
62
10
90
89
41
40
96
A9
29
00
44
A9
08
22
0A
99
21
00
A5
1A
10
15
69
A6
81
51
62
06
58
9A
50
16
A4
25
48
11
21
58
64
2A
52
45
A4
15
64
25
22
95
A4
16
20
16
A1
88
AA
98
0A
99
45
AA
51
5A
9A
26
96
A5
A5
98
64
96
A2
02
A6
9A
A1
88
12
91
56
58
09
89
54
69
A6
6A
15
56
1A
AA
65
98
22
69
18
21
48
5A
A9
52
96
10
51
04
10
64
AA
14
15
20
55
81
48
2A
8A
20
96
94
16
A1
42
29
2A
02
0A
91
04
04
81
49
9A
20
91
16
90
46
14
0A
A9
18
41
98
58
45
06
80
A8
81
91
99
49
A0
96
A2
5A
8A
AA
51
92
99
29
26
89
01
51
21
AA
A2
A2
64
66
A2
86
58
56
0A
56
5A
58
98
A9
20
99
A6
19
98
15
65
A2
56
2A
64
62
66
16
21
58
08
80
96
A6
85
41
89
86
4A
89
80
16
20
16
99
A4
99
9A
64
91
A6
96
96
81
25
40
56
92
65
60
9A
0A
95
A5
92
26
A4
69
AA
29
98
9A
A6
58
09
60
99
65
1A
55
0A
90
20
A9
61
51
11
4A
02
24
45
60
20
55
89
42
20
81
94
66
90
46
65
A0
14
14
15
81
40
16
61
55
69
A9
06
99
01
92
55
95
42
45
52
68
A0
51
96
01
AA
14
65
95
AA
A8
56
20
04
80
29
0A
52
59
22
81
69
86
49
12
A0
04
84
55
92
9A
56
A6
A6
59
58
15
89
96
56
85
96
98
12
41
64
86
15
41
88
1A
99
25
01
11
06
02
89
92
46
26
65
09
48
09
28
65
64
46
22
65
90
40
96
18
49
05
9A
51
26
A4
86
88
A1
29
91
65
12
19
0A
88
68
A8
9A
9A
82
00
41
51
84
19
96
49
05
A9
08
55
89
84
88
69
50
A2
04
20
A6
22
84
98
AA
99
60
1A
91
99
42
86
28
95
19
2A
68
64
29
4A
08
08
84
A4
A2
26
68
6A
5A
66
96
19
69

