86
5A
84
50
6A
58
40
21
69
56
A6
40
51
69
64
19
A1
16
61
89
26
AA
5A
64
AA
16
AA
A2
49
A2
10
55
8A
91
99
A1
A1
A5
22
91
A4
86
69
4A
54
A1
68
A4
1A
A1
95
60
A0
A0
04
A9
86
4A
59
9A
4A
92
20
60
55
A5
48
A8
52
0A
1A
51
09
19
6A
10
50
88
49
61
95
58
61
96
85
48
95
12
A9
A6
5A
A6
6A
59
20
16
59
25
94
A6
25
4A
62
52
60
51
69
6A
20
21
18
64
16
85
62
40
25
68
95
01
61
16
55
A1
45
96
A8
66
94
11
48
05
95
45
02
A1
62
19
81
A4
25
46
5A
42
51
84
02
02
90
58
AA
54
45
26
80
A5
56
28
15
29
21
88
A9
8A
AA
68
A5
99
54
52
9A
6A
64
69
29
85
86
90
85
85
04
58
89
68
19
86
0A
90
18
25
60
A9
5A
64
25
10
42
58
92
84
5A
25
82
92
1A
2A
22
42
08
69
02
48
68
46
A5
22
82
52
05
11
28
55
04
A5
54
00
5A
91
A5
20
4A
82
50
45
25
08
50
02
11
15
84
5A
24
9A
1A
68
0A
62
14
91
08
0A
00
20
6A
4A
A0
4A
28
80
00
A5
60
10
10
98
08
0A
85
49
00
A1
44
16
12
98
01
10
86
A1
60
92
82
84
52
01
58
02
A5
4A
91
29
96
41
66
A4
42
60
95
A5
A2
98
08
21
51
11
A6
A8
5A
92
44
94
62
52
2A
20
49
61
92
22
5A
84
A4
A9
0A
1A
6A
16
22
A4
A1
52
6A
56
49
05
65
6A
09
A4
91
84
66
6A
84
49
69
04
20
A0
A6
11
28
41
A1
01
AA
06
24
88
A1
A1
4A
69
66
95
95
08
95
9A
A8
1A
96
85
98
A1
06
94
21
85
22
00
A0
80
48
28
16
29
88
A9
09
AA
89
09
14
08
A9
15
48
96
45
68
59
98
49
68
A9
56
54
A9
26
A9
A5
A9
54
AA
16
16
16
96
16
16
18
16
16
25
96
A9
15
56
A9
96
A9
16
49
A6
44
95
0A
29
16
45
A9
15
44
64
68
A9
A9
16
99
15
55
06
89
64
6A
88
89
2A
59
4A
29
05
56
29
29
21
96
29
5A
89
96
65
21
66
A9
A9
25
21
69
86
56
66
56
A9
86
69
46
29
09
68
66
26
89
89
06
99
19
AA
16
29
A0
84
11
55
69
45
98
49
99
4A
A9
29
19
56
56
16
AA
69
A9
55
49
56
A6
06
69
29
16
06
A9
59
26
55
48
61
56
96
66
A6
96
69
19
66
56
48
56
59
09
18
96
19
29
99
55
29
14
22
AA
A8
2A
A9
A6
16
29
49
56
56
8A
29
89
64
51
16
29
16
09
56
56
96
66
29
09
04
69
66
42
89
66
69
44
89
56
46
28
68
56
04
16
46
69
0A
44
84
56
6A
09
4A
29
10
09
16
56
56
46
09
89
26
A4
50
29
10
19
29
98
89
06
49
A9
05
09
66
44
24
09
29
46
05
59
29
04
16
14
82
89
14
06
5A
02
46
84
89
04
02
A8
44
28
56
46
A9
46
86
96
44
96
89
00
26
08
98
09
88
94
28
2A
54
88
A8
49
96
94
16
0A
08
48
89
89
68
29
68
89
46
45
A8
29
16
85
59
49
A9
28
5A
85
66
06
56
06
96
59
19
29
89
66
48
96
28
A9
69
A9
92
54
55
29
04
29
29
56
40
95
24
69
56
56
58
56
89
4A
28
96
46
06
49
A8
56
86
99
46
14
24
44
49
09
56
69
96
29
66
12
52
16
29
50
66
89
1A
69
29
16
99
49
42
44
09
29
08
20
4A
66
94
91
A2
61
14
00
9A
58
20
21
A9
4A
98
85
99
A1
81
AA
15
A0
95
22
91
02
84
85
95
05
A4
80
80
48
06
59
5A
54
28
01
29
66
8A
26
24
05
60
19
86
45
9A
90
5A
16
40
4A
AA
52
21
84
44
90
61
64
18
44
69
05
58
1A
81
56
45
A9
65
69
21
48
26
2A
A6
19
89
46
68
8A
46
A5
5A
46
A4
86
64
08
01
5A
56
16
5A
69
A0
46
85
62
A6
56
60
69
0A
66
11
15
00
16
64
54
62
28
5A
62
25
64
A4
45
4A
66
91
01
66
96
69
84
55
5A
A9
6A
26
85
1A
81
1A
A5
81
65
09
90
42
A1
95
2A
65
95
A5
21
44
28
A1
92
26
66
29
95
A2
44
40
90
22
80
0A
59
04
85
4A
0A
50
95
80
A8
09
5A
12
55
51
94
88
1A
95
00
68
20
82
25
68
60
46
6A
54
A2
A0
4A
21
22
A8
6A
12
19
14
21
24
68
54
12
10
4A
21
A0
49
46
48
15
42
84
29
A9
25
21
00
06
90
01
90
41
5A
00
6A
98
02
01
00
21
45
55
58
A9
28
09
89
24
05
12
40
86
22
04
12
21
6A
55
A2
26
52
02
AA
14
81
56
48
20
11
20
A0
86
14
20
08
21
04
14
98
84
50
5A
1A
A4
AA
18
66
40
99
51
24
81
55
91
9A
06
89
08
95
55
28
A2
41
85
2A
A0
14
0A
A1
66
65
42
59
95
85
14
1A
29
A8
29
49
5A
80
29
A9
68
0A
06
A4
69
50
48
60
A8
A5
52
48
85
09
62
A9
61
5A
46
68
89
95
A0
22
6A
42
16
A1
69
16
65
82
41
85
2A
94
91
02
A8
56
A8
A6
16
69
59
96
86
85
42
A8
16
22
91
46
91
91
11
81
14
21
05
82
2A
00
56
29
45
66
A9
51
A6
52
86
59
5A
4A
80
54
50
84
A6
21
26
64
A8
49
86
20
6A
64
59
48
6A
61
48
56
96
A1
68
98
69
00
9A
62
42
91
52
49
95
92
0A
AA
68
49
95
24
42
21
A1
62
55
00
05
A2
6A
65
96
66
A9
28
6A
02
24
56
A4
69
11
49
A6
24
94
11
A2
84
19
96
99
96
52
20
89
40
54
5A
89
26
5A
59
A5
92
54
01
99
59
68
84
66
55
96
85
AA
62
18
AA
52
58
24
90
21
96
65
94
22
A5
6A
85
88
90
9A
96
66
4A
50
84
29
55
62
82
95
68
95
85
A5
49
A9
6A
48
A5
90
56
99
04
21
86
02
89
99
5A
56
4A
92
96
54
96
55
86
54
91
86
AA
45
80
21
0A
00
55
91
24
42
50
06
15
6A
05
0A
8A
48
44
94
69
28
94
64
14
64
80
86
44
05
98
45
02
25
91
20
59
5A
90
02
82
20
12
14
24
AA
50
85
91
4A
40
19
91
15
19
02
16
09
20
54
18
A6
10
49
24
01
05
86
90
10
1A
58
80
92
22
14
91
04
19
00
85
26
09
69
61
09
64
58
25
02
6A
80
06
10
02
69
84
94
60
59
50
A8
12
02
44
41
19
48
91
4A
08
91
61
85
4A
25
81
4A
A2
65
25
55
99
4A
28
11
A5
56
51
AA
61
95
15
84
A8
86
2A
80
94
45
25
A4
55
42
10
22
2A
99
91
26
65
A4
24
41
04
85
96
65
84
48
96
2A
A0
95
88
88
00
95
9A
2A
6A
28
68
26
05
65
5A
A1
25
96
41
28
5A
54
28
A9
92
54
05
28
1A
AA
60
84
29
22
A5
62
1A
49
09
85
08
14
AA
48
48
11
A8
21
1A
12
08
28
41
90
21
46
45
A5
A2
22
69
68
6A
80
1A
04
80
4A
6A
A2
2A
A6
19
09
16
05
01
41
64
66
60
60
22
61
44
0A
55
88
2A
65
91
58
99
46
80
60
02
A5
5A
04
04
94
06
22
A0
40
54
A9
80
61
91
60
54
29
9A
98
55
11
58
5A
A2
10
12
48
60
59
1A
94
64
90
01
A8
66
98
98
A1
14
90
A1
9A
95
20
59
8A
84
98
22
49
5A
92
49
98
14
6A
16
A1
49
65
99
80
68
90
66
62
A8
21
54
19
01
18
44
81
56
A1
A4
04
6A
64
02
AA
8A
59
A1
24
61
66
91
16
00
2A
80
19
62
05
99
94
00
64
6A
66
55
5A
46
62
21
95
65
41
90
29
20
A4
86
16
91
08
25
5A
29
52
80
96
29
65
90
08
68
2A
A8
92
95
21
16
65
18
68
91
46
86
6A
0A
99
00
25
98
44
AA
A9
84
90
9A
19
58
52
95
A6
61
04
61
69
1A
19
A6
05
26
29
12
94
94
06
50
40
56
44
42
91
11
62
08
19
81
6A
68
91
91
89
86
28
85
02
90
86
00
04
58
8A
48
51
00
10
20
96
60
22
61
20
21
62
11
41
18
02
04
16
69
10
00
64
84
18
04
69
86
90
24
64
02
05
08
21
8A
28
02
98
84
24
88
29
01
56
24
45
81
65
5A
62
95
98
25
5A
8A
64
26
0A
96
A5
A6
90
09
85
9A
26
25
A2
66
68
64
66
1A
A1
92
2A
60
60
6A
90
AA
82
99
50
20
85
59
0A
16
89
A1
21
50
8A
85
15
40
99
51
15
A9
16
66
29
A6
80
19
54
95
12
86
25
61
01
6A
82
66
91
68
10
44
06
66
45
99
45
46
94
66
1A
A6
A2
60
89
64
41
25
01
18
88
95
11
92
A1
81
15
51
52
16
5A
A9
11
9A
49
5A
22
50
2A
84
A8
65
01
A4
59
21
65
65
66
62
AA
15
06
0A
51
68
95
26
66
91
68
69
0A
99
62
22
04
5A
16
88
54
54
24
8A
25
66
91
1A
2A
80
86
25
A9
05
A8
89
68
58
98
50
14
09
85
68
51
19
99
6A
89
22
19
6A
92
90
6A
55
59
62
1A
80
64
6A
0A
46
99
08
80
A2
05
51
98
4A
0A
81
A1
22
09
9A
99
41
55
19
98
55
42
59
4A
15
51
26
80
51
45
21
66
60
21
9A
21
A1
98
11
22
0A
26
51
91
58
08
A5
1A
22
56
42
10
18
64
29
60
AA
04
1A
6A
22
06
4A
16
19
21
69
59
59
94
12
99
26
26
22
12
55
15
96
06
82
95
66
29
99
98
19
66
24
A6
99
42
45
06
02
46
9A
98
41
4A
82
06
25
45
29
92
99
25
84
91
81
0A
00
0A
40
98
19
80
10
28
86
6A
44
1A
21
66
94
00
08
02
01
10
99
52
52
00
09
14
92
18
61
08
58
21
41
24
A0
12
12
6A
04
88
48
16
45
84
20
25
25
1A
51
04
61
A4
08
6A
09
80
20
1A
02
82
00
65
A0
91
20
80
04
08
84
01
11
AA
95
46
10
55
8A
01
58
AA
41
A5
64
99
69
82
64
65
48
15
01
01
8A
5A
18
6A
1A
19
10
A6
9A
52
25
00
11
46
AA
1A
61
48
6A
24
59
18
58
11
5A
52
AA
09
A9
18
95
21
52
21
24
56
81
98
62
6A
80
08
1A
62
A2
89
8A
46
59
84
18
1A
58
52
8A
A9
45
A9
95
6A
52
40
4A
16
42
10
25
99
00
02
65
20
11
99
A1
92
02
95
01
64

