65
42
09
56
16
65
82
21
69
50
05
40
45
41
10
62
1A
56
60
61
80
11
42
20
12
69
A1
6A
12
52
21
01
42
04
45
96
06
85
06
99
22
A4
68
44
88
09
55
41
41
82
51
A2
28
46
82
46
90
46
81
19
98
02
09
55
18
16
41
41
08
A1
45
91
55
1A
A5
25
11
55
96
48
0A
66
55
95
22
A2
09
94
89
88
86
69
22
1A
98
0A
54
92
21
28
AA
19
6A
99
98
16
4A
45
11
42
49
98
51
95
95
64
60
62
A2
60
95
0A
84
81
6A
16
2A
88
22
40
66
55
5A
28
25
16
A8
84
56
1A
49
61
A5
06
06
15
89
61
A5
50
69
46
A6
5A
16
2A
5A
61
A9
69
68
25
88
00
69
49
1A
81
29
A9
92
5A
A2
65
98
96
66
19
59
48
92
56
86
69
29
9A
61
50
A1
A9
A9
29
89
A6
06
0A
06
00
09
44
61
02
28
06
A2
41
14
01
20
81
59
81
90
44
02
52
91
19
28
00
0A
69
09
4A
A6
02
06
80
41
A4
A8
6A
20
14
88
64
14
A0
92
12
25
90
06
60
19
09
25
42
90
06
20
81
02
56
82
66
42
86
28
14
19
8A
04
A0
15
A0
96
50
40
59
54
86
85
91
48
8A
69
A2
05
10
A1
50
04
60
A5
80
24
95
88
A2
88
50
29
85
A6
AA
62
56
82
15
11
19
59
19
A0
24
A2
84
52
4A
86
4A
85
29
48
16
91
00
98
28
62
99
11
86
15
6A
66
1A
0A
85
29
52
86
29
85
11
41
92
54
69
49
A4
94
14
41
1A
26
01
5A
89
12
00
86
68
66
A9
99
19
65
20
94
66
9A
58
85
94
48
50
28
58
22
64
05
08
60
84
86
61
61
25
68
68
95
6A
06
2A
89
82
62
1A
26
19
42
44
46
A0
52
51
54
90
5A
92
60
10
51
62
46
42
21
A1
9A
64
00
56
88
46
42
82
15
1A
10
A6
52
68
A1
64
64
6A
59
19
51
55
52
01
46
86
48
59
A8
59
15
86
45
88
14
98
80
2A
60
22
58
42
A9
06
04
A4
A6
A6
94
25
5A
91
A6
28
8A
24
49
8A
21
A5
68
12
21
5A
8A
AA
84
A5
12
88
42
08
A9
95
A0
58
88
A0
4A
20
62
48
A1
56
A5
A6
9A
1A
5A
64
A5
12
94
1A
0A
92
A8
19
52
59
56
18
A9
64
48
62
64
85
58
56
1A
94
26
04
92
55
86
95
61
81
12
A5
91
25
04
A4
40
A5
09
52
A9
58
06
95
A5
54
52
16
25
A8
62
54
56
94
A6
25
9A
A1
51
4A
56
00
A8
51
4A
A4
0A
A8
62
89
16
04
86
42
68
16
56
05
24
18
A9
28
42
01
62
A4
A2
56
84
41
21
14
80
45
01
56
0A
62
40
29
52
51
48
40
08
02
44
4A
24
14
00
20
2A
00
00
AA
62
88
81
15
80
88
44
89
00
86
A9
16
52
15
80
60
2A
42
22
80
28
94
0A
04
01
01
05
08
11
A4
11
91
90
22
81
68
02
40
01
10
40
51
52
81
82
A0
00
00
46
08
44
A8
45
45
44
14
9A
65
A5
5A
92
65
48
A5
1A
01
14
80
25
64
28
81
54
59
2A
9A
65
A8
65
06
24
95
54
65
69
A5
59
25
46
A9
A1
86
22
22
64
AA
8A
12
29
89
08
29
99
69
1A
1A
66
58
44
40
98
AA
19
1A
60
96
99
A6
95
56
48
54
90
96
12
64
64
5A
82
04
16
90
58
86
64
94
02
66
08
99
14
54
65
41
48
05
A2
20
89
A9
24
6A
16
04
60
19
25
18
54
52
A8
24
09
86
82
0A
A9
4A
60
2A
10
56
A6
5A
40
18
A6
A9
59
A2
09
A9
85
11
46
41
19
A0
64
28
48
19
A8
91
20
11
45
90
A9
A4
02
25
92
68
24
08
14
16
19
09
6A
91
8A
89
06
60
12
08
A6
5A
14
19
56
A2
09
89
1A
55
42
6A
51
92
54
A8
44
62
64
51
84
19
A1
94
A8
9A
A0
A9
15
65
20
21
A8
14
51
44
19
56
A8
56
A6
A6
48
A1
52
18
99
68
16
26
A9
81
50
54
00
59
26
9A
A1
A6
A4
52
25
A5
56
46
A4
A4
6A
90
55
62
2A
16
AA
A1
55
A9
41
AA
04
6A
A8
1A
22
25
A8
68
92
89
A0
A2
94
05
19
16
92
2A
44
84
A6
5A
62
52
89
18
81
9A
A6
01
A4
61
66
65
64
21
9A
96
42
99
45
24
55
9A
69
5A
62
11
89
11
05
04
11
48
42
49
55
69
52
85
91
4A
41
A1
06
88
58
51
89
41
98
16
A1
10
54
12
A9
82
5A
02
40
40
88
40
40
68
58
44
18
1A
46
08
45
A5
A0
12
01
12
08
44
22
85
10
11
55
14
68
08
06
15
21
11
68
09
A5
00
A5
62
46
08
85
A5
59
98
06
62
A2
60
06
45
10
51
01
20
46
62
A1
20
59
1A
80
9A
61
62
46
42
48
66
52
0A
88
21
94
46
46
26
54
42
96
86
1A
A1
69
89
8A
18
98
5A
54
66
9A
6A
19
52
94
95
26
99
95
95
A2
5A
A2
16
92
58
A9
41
9A
69
A1
A9
22
29
65
92
29
55
21
41
84
55
21
06
44
00
81
1A
0A
28
68
A8
56
29
60
24
A4
AA
90
54
29
A6
28
85
55
A1
AA
66
56
92
48
16
65
69
82
18
66
06
10
46
A0
12
91
00
12
98
82
81
58
44
41
A0
42
99
01
A6
98
12
09
52
4A
02
58
46
65
29
92
20
A0
19
29
99
AA
02
69
48
89
84
9A
56
A9
52
A2
66
52
06
02
25
5A
15
51
6A
48
5A
44
9A
82
16
11
10
50
10
00
A0
94
51
10
A5
49
50
A5
25
9A
96
56
95
29
91
25
80
99
64
00
84
41
48
06
86
AA
45
25
A8
94
22
40
A6
A2
56
26
01
A0
95
92
11
85
56
55
8A
80
AA
A6
A6
14
99
54
18
48
AA
99
AA
A9
8A
26
51
69
50
62
89
50
45
6A
A9
58
45
26
09
49
49
8A
64
05
A0
A9
81
55
55
86
52
52
95
A4
40
66
26
51
40
54
28
96
A2
5A
6A
66
61
60
A9
55
A1
54
55
AA
A5
66
04
49
14
66
69
26
A8
05
41
59
45
A8
15
66
26
92
19
51
88
04
88
A4
12
9A
25
05
24
90
80
44
A9
A8
99
98
01
28
14
12
64
44
08
12
09
4A
81
28
25
28
64
45
81
50
92
60
66
49
42
24
8A
46
86
A9
40
90
89
40
06
91
1A
00
21
84
60
66
65
98
48
20
05
44
25
88
81
95
98
5A
40
92
10
00
65
90
A8
84
95
A4
88
41
41
01
9A
65
9A
50
00
40
04
19
64
02
24
08
41
14
0A
0A
A1
AA
01
98
40
AA
92
11
94
28
4A
56
11
A8
A2
54
9A
98
61
94
64
5A
69
A2
16
65
2A
09
16
A8
A6
61
80
A2
2A
9A
22
19
29
66
4A
51
22
26
21
99
1A
19
94
29
28
99
90
8A
11
58
08
62
88
56
A4
26
60
24
19
9A
6A
08
A8
69
46
99
51
1A
20
A6
A9
16
26
A8
4A
40
60
11
22
91
6A
A8
09
06
86
50
6A
19
64
18
A1
11
11
54
61
A8
8A
61
08
A5
95
99
48
61
A2
09
24
91
12
5A
46
54
95
69
01
A5
62
80
55
25
60
9A
44
86
58
80
2A
50
A6
0A
02
99
A6
69
96
08
A4
98
45
A2
05
55
80
AA
20
55
81
40
A0
4A
5A
15
41
00
A8
8A
51
89
95
42
A4
AA
45
84
45
50
8A
51
A6
56
05
48
81
89
2A
0A
66
84
59
62
46
05
A9
A9
6A
48
92
28
08
A0
96
58
92
26
06
84
A8
90
2A
68
61
26
56
69
A4
A2
2A
98
AA
A6
A6
56
16
68
0A
6A
59
06
46
58
19
A5
01
A9
AA
16
90
9A
A1
52
90
28
48
61
05
41
99
86
95
45
A0
45
69
8A
A6
90
A5
85
54
6A
69
A6
A4
64
99
A1
82
91
85
AA
21
65
99
00
96
22
16
06
02
91
A6
95
82
6A
98
18
52
69
A8
9A
02
A8
44
40
88
02
05
86
00
AA
06
02
00
A8
86
42
19
00
A2
24
66
04
61
08
15
49
15
54
86
9A
95
04
42
24
02
15
49
00
9A
06
00
0A
4A
01
02
42
11
52
00
42
92
81
00
82
80
4A
45
42
88
06
21
A9
02
A0
8A
A9
24
55
10
62
29
56
41
50
95
22
84
61
21
A4
80
05
84
86
10
92
09
A0
99
90
95
16
00
0A
0A
64
58
04
82
08
84
6A
18
A9
42
56
85
15
22
19
41
1A
98
A5
86
98
25
92
21
58
88
65
80
90
84
59
69
99
69
99
02
19
89
89
46
55
45
92
46
6A
89
A1
A5
01
26
51
21
02
60
65
19
81
A5
6A
64
60
2A
50
16
49
1A
AA
86
55
12
68
92
89
94
81
56
15
11
96
69
58
9A
45
26
4A
01
09
1A
64
A5
A9
41
96
52
0A
68
26
90
68
A6
A6
A4
A5
85
98
01
51
90
86
64
86
12
46
16
9A
94
A5
96
91
5A
15
A0
50
86
65
96
69
A4
94
5A
49
69
AA
4A
A6
45
84
5A
95
51
0A
A8
5A
A6
A4
6A
14
98
48
12
91
90
58
96
A5
11
59
4A
AA
22
A5
42
99
6A
59
09
01
41
40
AA
98
91
8A
69
A9
42
46
4A
52
48
56
59
AA
58
A9
62
55
A1
52
58
65
69
A6
58
51
61
48
96
60
AA
4A
84
A6
AA
99
52
99
A6
26
59
85
86
64
A6
A6
64
66
65
1A
55
95
90
80
4A
94
59
89
91
61
4A
96
26
66
55
59
84
A6
A6
69
5A
59
51
84
A4
58
A6
A5
86
41
61
52
12
4A
A2
A2
6A
20
A1
54
A4
89
A8
9A
95
A1
AA
84
A0
A6
A9
A8
9A
A6
91
98
41
5A
65
A4
A6
85
52
54
45
61
A0
58
A9
A6
59
90
49
55
84
42
98
86
41
44
42
54
98
81
A0
58
A8
A2
A0
51
94
29
59
90
88
06
59
24
82
AA
82
55
A8
00
58
A6
86
26
25
51
2A
58
44
49
90
50
45
6A
44
51
A2
A6
80
A6
90
50
59
50
92
51
81
A2
82
40
60
01
58
A2
50
41
62
18
58
6A
88
58
88
9A
66
A4
44
A6
60
4A
51
A2
84
80
24
25
86
59
89
45
08
69
A5
64
59
42
10
08
25
52
68
29
59
90
8A
91
55
A5
99
A1
09
52
92
A5
56
91
96
26
99
9A
89
66
14
A6
50
90
59
9A
82
00
92
55
A6
A6
55
58
56
48
A9
48
28
88
69
89
98
6A
50
44
4A
A6
50
5A
A8
69
81
64
84
42
41
54
92
A2
56
29
A6
66
59
96
65
98
65
52
5A
5A
51
A0
81
AA
86
5A
16
90
51
95
54
49
88

