19
10
01
00
01
58
12
19
28
68
21
18
41
49
4A
9A
04
16
44
96
6A
A4
42
28
40
59
16
41
51
62
42
95
41
80
95
94
91
99
02
94
A5
01
81
26
82
91
4A
16
5A
A4
40
15
21
54
84
68
A8
86
0A
48
A2
88
08
22
68
25
58
26
1A
A8
04
A4
86
58
68
11
48
94
00
9A
14
4A
5A
59
95
6A
A2
62
A9
8A
40
96
6A
65
92
60
58
A2
80
04
A1
58
96
60
88
6A
28
6A
99
18
84
16
86
05
A0
61
95
68
56
45
29
16
6A
56
55
02
55
6A
26
14
89
25
95
99
6A
2A
56
56
4A
15
A4
95
5A
66
85
A9
5A
0A
25
82
A2
00
A2
86
25
84
16
6A
19
16
85
60
06
42
64
95
94
66
29
52
90
28
56
98
15
65
99
6A
46
81
59
66
A5
88
91
96
64
80
92
81
0A
A5
62
99
92
42
12
60
29
02
68
24
19
24
54
08
48
01
12
84
52
21
86
50
A6
90
A4
12
85
18
94
15
65
24
61
A1
6A
00
94
88
04
42
46
00
5A
02
61
94
A6
09
85
61
89
00
20
16
2A
92
42
20
88
58
52
02
20
19
90
49
10
09
26
42
24
19
4A
26
10
00
A0
A9
20
96
60
24
91
42
80
26
8A
A1
22
08
99
11
0A
20
86
04
26
0A
94
20
12
A4
22
29
08
A5
55
82
46
66
AA
95
92
68
95
85
A0
66
59
A5
58
41
68
46
59
05
9A
24
96
81
A0
85
9A
66
69
6A
9A
58
92
59
69
8A
44
A5
95
2A
10
81
5A
26
26
81
58
A6
49
A5
99
44
11
00
85
65
90
88
65
66
96
A2
5A
48
AA
59
94
29
26
64
81
6A
86
42
8A
01
15
99
6A
05
04
5A
85
49
41
A9
1A
20
56
60
88
88
0A
82
A4
A2
14
85
1A
64
86
4A
18
16
1A
49
A2
58
01
61
99
66
99
99
A8
10
24
52
29
25
65
59
65
65
59
69
64
52
45
88
A4
46
91
4A
89
44
92
A6
46
24
05
51
22
1A
5A
85
02
8A
40
98
84
56
94
02
60
08
48
AA
6A
66
A8
54
8A
18
9A
8A
68
41
81
18
69
01
62
9A
54
96
00
2A
92
1A
9A
1A
18
24
44
65
AA
9A
64
14
2A
96
00
04
2A
6A
96
09
99
46
09
96
86
8A
46
2A
4A
85
59
49
91
90
28
22
8A
95
11
41
29
24
98
86
99
45
56
66
22
21
90
09
44
80
18
18
54
05
66
0A
52
91
80
A1
66
08
99
65
62
16
60
50
84
85
58
AA
9A
2A
00
1A
40
49
9A
99
A6
64
66
44
12
52
89
6A
6A
59
1A
69
09
84
1A
A0
09
44
66
81
06
92
55
98
8A
40
46
18
55
0A
82
8A
01
0A
52
04
50
56
05
18
68
08
45
04
65
62
06
48
5A
24
41
21
41
54
04
10
08
80
41
A4
A2
15
A0
0A
29
11
06
01
90
6A
48
94
80
94
01
80
58
22
40
1A
45
44
60
22
08
84
49
24
19
29
01
88
88
44
8A
61
09
A0
40
82
01
11
01
26
02
A8
80
00
08
00
06
08
02
08
91
56
52
20
60
58
26
49
68
0A
92
65
05
08
82
52
90
06
19
92
22
66
11
A2
26
40
25
55
62
A9
59
65
44
A6
82
A2
96
90
A1
58
69
98
99
68
5A
A9
95
60
01
45
82
A2
10
64
1A
95
9A
64
A1
89
A5
A8
00
45
82
10
95
15
5A
55
28
45
5A
25
98
46
15
88
A4
A5
29
40
51
28
69
66
9A
A5
48
19
65
58
1A
60
90
02
19
42
22
46
06
62
06
46
42
96
58
86
56
99
42
04
52
45
A5
50
15
09
A6
96
25
5A
6A
26
A9
15
64
A9
A5
85
A1
A5
26
A5
89
A2
A9
96
5A
45
52
99
52
A5
5A
09
A6
45
22
80
80
96
10
01
A4
91
1A
18
56
21
1A
89
00
10
A2
82
69
02
89
95
12
09
15
49
28
42
56
52
A9
56
85
46
A9
52
42
A9
56
56
46
46
62
85
21
09
95
56
19
96
81
46
96
58
65
55
AA
9A
99
91
56
26
80
58
A2
A0
51
82
54
61
56
06
14
99
56
96
5A
69
05
21
46
66
56
A5
5A
25
A1
25
1A
56
85
05
42
5A
89
12
59
16
56
08
86
88
A9
42
16
A8
88
92
A0
55
62
01
55
22
50
4A
14
5A
A6
49
14
66
96
96
A9
A9
46
5A
A9
69
42
56
52
19
60
A9
5A
A1
16
A5
59
A5
81
62
54
5A
62
A9
62
6A
91
46
11
A0
84
99
42
49
05
0A
29
A4
56
20
16
A1
21
09
09
14
52
AA
56
01
A1
21
44
46
96
AA
50
85
42
81
A5
06
21
45
81
46
52
4A
42
82
56
10
46
46
01
22
00
52
29
21
21
60
88
99
09
69
81
95
95
04
28
95
04
69
1A
09
20
52
21
85
A0
64
2A
12
81
00
96
A9
00
80
A1
52
19
64
99
98
80
86
25
99
42
29
21
40
51
59
58
92
0A
25
99
26
54
85
96
52
51
51
46
01
28
90
28
09
81
09
42
4A
42
4A
A5
64
29
82
46
56
56
69
09
00
5A
44
45
16
05
09
11
86
15
05
64
28
58
92
61
01
20
99
94
40
98
64
86
56
98
A9
80
90
9A
44
89
5A
A1
42
89
69
15
29
46
29
A1
56
A9
12
2A
29
89
96
49
96
96
42
16
40
56
99
20
68
06
A2
51
64
A9
A5
22
92
02
9A
04
A0
AA
92
90
00
91
80
41
48
A5
61
61
61
65
49
29
66
48
A2
58
82
69
66
96
AA
96
68
92
A0
48
04
9A
00
A9
A1
60
84
94
62
1A
02
44
65
58
A1
09
25
A5
A4
6A
68
4A
92
05
45
A2
48
64
A1
A2
92
69
1A
69
1A
56
26
86
45
16
92
96
84
11
66
22
41
66
85
61
4A
44
5A
80
56
56
51
1A
92
A8
69
56
25
29
16
89
69
44
AA
52
15
8A
98
15
1A
26
9A
96
40
06
65
0A
08
A2
A9
12
62
25
45
96
50
54
61
92
92
85
52
5A
92
64
22
64
A0
96
55
56
59
55
16
6A
A0
95
86
69
AA
16
41
A2
98
28
54
92
14
A4
5A
4A
28
90
98
61
65
61
92
92
48
18
21
88
51
8A
49
49
40
99
84
64
12
80
50
61
44
61
82
98
24
AA
9A
11
46
28
15
68
A8
2A
2A
28
61
69
05
16
08
84
68
86
80
40
60
0A
90
12
0A
91
49
02
29
A2
96
66
81
40
90
06
82
18
19
28
01
6A
00
9A
92
01
54
20
61
54
24
66
65
40
60
42
A8
00
92
40
02
14
60
A6
61
41
92
85
1A
44
40
65
12
22
90
00
41
99
45
21
16
99
26
12
5A
56
20
2A
A5
A9
59
42
69
15
66
5A
80
81
92
A5
AA
22
29
12
65
22
12
48
52
69
64
90
49
59
69
68
A4
14
55
81
24
29
A6
11
02
56
08
2A
08
01
60
16
A5
61
04
A9
6A
98
59
81
92
41
42
58
68
25
46
20
24
A2
52
42
88
01
61
A6
91
91
16
65
AA
54
96
68
24
44
60
86
64
65
11
A5
94
5A
A8
A8
24
80
44
A2
46
86
88
19
25
89
A9
95
94
05
08
89
6A
94
26
04
91
42
05
99
82
8A
64
4A
60
88
61
89
28
29
68
A8
59
49
AA
09
91
09
54
96
A0
54
40
A4
15
22
64
01
56
21
11
19
21
66
66
18
18
69
48
05
59
66
56
16
49
24
56
89
64
82
12
54
99
86
58
A9
8A
A6
64
81
A6
95
85
0A
92
50
49
24
86
A6
26
56
99
A9
A4
09
66
88
46
29
55
88
96
85
19
46
24
20
01
91
56
65
22
A1
A9
58
66
41
68
A1
44
A1
44
A6
0A
94
29
A9
2A
45
A1
94
69
11
69
1A
95
66
46
99
11
66
06
10
16
60
A9
A9
92
49
10
94
65
56
6A
58
58
99
64
82
A6
29
64
A5
09
19
16
21
55
69
40
81
10
09
89
85
64
49
89
89
A5
A6
19
86
A1
96
89
84
98
A9
98
04
24
8A
85
24
04
08
88
09
A5
46
18
1A
16
2A
54
50
A1
52
A0
40
09
92
28
68
88
A6
20
65
90
25
09
10
61
15
46
45
81
05
59
41
00
09
A9
49
44
02
11
05
28
65
A6
49
41
59
65
85
15
44
21
20
2A
14
A9
9A
42
8A
20
8A
49
22
00
09
25
19
26
A6
8A
A8
84
99
04
80
61
09
84
08
20
55
41
41
A2
11
82
41
0A
62
66
85
2A
42
29
46
21
A6
65
60
51
92
42
8A
A2
8A
5A
65
69
69
48
64
A0
94
99
A6
A4
AA
91
55
89
46
94
94
15
58
A4
19
0A
96
86
4A
6A
50
56
66
69
A1
94
A4
65
68
68
82
60
12
A1
58
49
16
54
68
08
58
16
A6
99
86
56
5A
59
1A
9A
12
05
09
54
89
06
59
41
62
69
96
59
59
25
18
A5
41
59
10
21
09
10
04
85
82
A5
85
05
45
90
69
20
00
26
51
AA
84
A2
65
15
11
41
95
AA
62
19
69
14
94
AA
00
A2
48
1A
61
66
60
40
40
12
40
19
60
0A
29
91
80
62
80
44
29
20
50
00
60
50
94
42
44
1A
51
59
81
68
21
49
A1
05
94
06
96
94
85
12
A9
48
89
02
62
05
85
A4
54
85
48
65
8A
29
95
62
81
A8
A5
95
0A
56
11
89
50
15
02
99
91
09
15
91
66
96
A5
22
0A
98
A4
51
92
A5
94
64
12
58
91
A9
06
49
96
A8
81
0A
84
50
68
26
95
82
19
99
A8
62
54
5A
00
90
45
46
8A
81
18
80
59
A4
68
48
86
08
66
91
81
16
18
58
6A
60
96
A9
45
0A
A5
25
08
66
86
A6
88
9A
8A
9A
22
6A
9A
21
58
66
06
A6
64
6A
62
81
91
5A
08
52
48
08
91
95
41
01
11
88
42
00
64
05
05
24
45
0A
62
98
00
45
0A
10
21
84
6A
60
54
20
04
00
05
20
05
42
46
10
95
80
89
26
60
62
90
05
85
84
04
89
40
A8
88
24
81
00
81
00
01
25
5A
40
89
05
00
14
48
46
80
18
62
84
16
08
02
19
49
92
05
68
10
4A
45
90
4A
40
26
44
0A
82
16
50
01
28
84
28
16
29
5A
66
09
21
08
5A
5A
69
90
61
85
12
14
61
90
29
58
92
6A
26
A9
6A
52
25
A4
8A
14
10
95
42
61
66
88
46
85
96
25
56
68
5A
46
91
64
68
9A
4A
56
62
69
9A
92
45
01
98
66
66
66
2A
25
6A
06
00
A1
64
14
64
01
90
A6
6A
59
A1
18
45
9A
11
6A
29
12
AA
62
04
44
5A
0A
62
98
26
A0
65
6A
94
58
62

