04
91
80
AA
89
40
09
45
18
64
40
96
51
05
94
84
88
99
44
54
22
14
86
26
40
14
20
A6
A2
50
62
82
82
A2
84
94
A6
22
25
29
46
62
26
94
62
5A
00
94
46
90
60
82
02
10
99
60
A2
59
8A
AA
09
0A
06
81
40
42
59
20
58
22
60
A4
92
A8
62
4A
00
44
09
69
54
65
A2
16
40
A0
94
68
45
94
18
19
59
98
09
9A
80
92
50
50
95
24
A2
05
15
A5
48
59
94
88
52
99
91
29
45
58
0A
05
A5
29
42
28
86
88
25
15
A5
59
55
A2
4A
24
46
0A
55
69
58
88
62
A6
5A
95
6A
95
88
92
6A
12
14
21
05
89
29
9A
21
A9
15
65
59
A6
85
2A
65
8A
24
2A
54
A6
0A
44
05
A9
55
82
84
81
41
26
2A
66
90
59
95
64
A0
98
69
08
98
69
18
91
62
19
00
58
11
06
48
11
A1
11
42
02
40
00
A8
20
01
15
81
25
89
80
90
98
4A
A5
40
10
04
02
80
02
61
40
09
18
A2
A0
21
20
0A
44
52
4A
20
40
40
94
6A
62
14
22
24
55
80
84
68
61
42
20
99
82
21
40
41
29
81
1A
00
46
10
65
14
6A
06
16
05
21
22
16
15
05
05
96
90
09
21
04
02
A8
81
85
50
40
48
58
88
58
82
92
00
50
49
22
94
05
51
25
19
AA
49
66
52
1A
19
21
24
96
A5
A6
12
A4
65
44
89
24
A9
54
96
90
98
25
19
15
81
89
92
66
90
68
49
10
60
65
26
82
08
86
65
59
A2
4A
24
A0
28
81
56
46
12
2A
AA
08
50
6A
04
14
98
A6
49
66
15
0A
99
62
64
46
8A
26
A4
85
08
00
56
66
A2
65
64
A8
A5
82
14
89
24
26
01
01
26
24
A6
22
66
69
A2
05
54
A6
49
69
55
52
05
19
AA
14
52
11
58
A6
25
41
2A
06
92
6A
46
82
61
86
AA
82
64
86
65
A5
55
0A
08
86
50
89
26
18
66
24
98
0A
99
10
0A
26
06
88
12
40
28
66
A6
40
24
6A
06
22
46
80
89
6A
28
21
54
46
42
40
69
86
A8
82
99
90
54
8A
66
86
19
21
A6
04
9A
91
59
AA
22
18
90
50
90
85
85
28
86
A0
29
9A
42
46
64
2A
66
A2
69
86
18
96
61
91
A9
16
54
25
88
05
86
99
26
A9
85
28
99
08
9A
99
80
56
59
85
A4
A1
12
22
56
AA
26
42
A8
0A
66
85
5A
52
51
89
58
91
66
10
9A
9A
08
48
82
00
54
24
59
6A
AA
41
98
9A
54
65
46
A2
92
26
88
59
69
42
06
6A
1A
95
88
99
59
52
90
41
A0
00
50
15
A2
98
06
90
86
05
22
64
10
54
46
80
28
10
22
08
40
62
10
82
2A
86
94
16
A0
A8
49
A0
48
20
A8
28
88
05
95
A8
A0
0A
26
86
24
05
A1
54
64
10
90
08
89
A8
54
44
94
22
19
80
AA
A2
1A
54
49
41
88
9A
51
25
04
40
84
54
61
A8
49
58
89
10
01
9A
65
46
69
20
61
06
26
84
88
19
8A
81
28
19
09
A6
A4
1A
00
01
29
89
91
59
85
51
58
A1
A2
15
64
90
85
85
86
50
51
24
96
69
96
95
45
22
55
52
5A
42
58
52
A9
A4
51
91
81
16
A2
A8
09
10
66
A2
88
A2
95
8A
96
20
08
82
98
25
29
25
26
55
99
65
12
55
12
9A
80
49
80
4A
66
A0
84
58
68
60
80
A6
99
05
24
61
66
12
4A
98
AA
51
69
66
15
88
26
98
82
98
10
91
1A
54
61
85
88
54
84
46
99
10
05
04
22
82
55
69
49
1A
A2
84
28
24
54
66
95
61
90
56
55
49
84
51
A5
2A
A1
08
A9
84
96
A6
99
26
98
6A
A0
40
51
19
A4
A5
95
40
26
29
1A
91
4A
A9
10
24
A6
95
59
5A
61
19
90
A2
A2
00
89
A2
20
14
62
20
25
A9
19
6A
02
51
A5
00
54
48
05
12
9A
82
59
2A
55
06
56
80
68
85
24
14
20
55
98
95
69
59
A0
62
A8
25
4A
45
22
18
A0
89
54
82
92
05
65
02
95
25
15
10
26
28
1A
42
84
96
68
8A
65
69
A4
68
04
05
48
80
22
96
95
00
49
A0
69
A6
95
5A
69
95
6A
8A
9A
A9
08
AA
05
A1
90
88
66
95
51
98
54
A5
84
55
66
40
A4
20
9A
42
69
95
96
15
6A
56
82
A1
08
20
95
10
22
40
15
59
05
92
04
41
09
04
40
06
00
18
49
10
42
51
18
49
42
25
50
65
48
6A
41
40
04
02
02
10
04
02
22
51
20
84
41
96
42
41
44
02
25
1A
92
9A
48
42
29
45
08
08
08
10
81
95
00
15
9A
4A
A2
26
98
08
00
A6
40
62
10
20
84
00
24
40
58
4A
45
82
80
11
02
60
42
05
28
92
52
88
08
19
50
68
5A
11
55
40
49
48
59
A2
A2
11
A1
91
A1
4A
80
51
06
A6
66
60
28
08
54
15
98
56
25
AA
A8
29
41
65
15
85
99
52
98
64
42
19
95
14
4A
50
1A
8A
85
10
64
02
22
89
0A
66
A4
59
69
29
18
16
89
59
6A
89
42
48
61
41
55
51
66
89
A1
15
56
2A
26
5A
11
68
A6
92
95
82
6A
54
15
04
12
25
88
95
88
48
25
49
69
92
52
AA
68
68
41
18
A9
85
82
60
55
08
20
11
29
A2
00
01
69
46
90
64
96
56
81
66
60
16
25
59
29
2A
86
95
A1
06
A4
A6
1A
49
55
49
18
64
98
64
65
52
5A
0A
69
26
9A
28
10
05
58
22
84
65
68
0A
84
80
9A
29
52
5A
0A
AA
44
82
24
A6
42
64
46
01
66
46
9A
46
61
A9
89
96
21
65
54
45
9A
24
22
48
25
14
A1
AA
49
91
AA
68
51
66
19
A2
A2
46
51
14
A1
29
02
52
05
98
96
26
92
19
29
2A
86
92
A8
09
9A
65
00
61
56
98
90
91
98
61
68
55
65
51
98
1A
A1
51
18
A0
96
A6
46
54
01
42
56
48
69
9A
59
0A
01
49
85
90
21
51
94
65
25
14
64
18
6A
99
1A
21
46
95
29
29
A1
65
28
66
16
24
82
29
91
66
65
06
AA
89
45
66
80
10
45
50
20
89
A8
95
04
91
89
55
42
66
10
92
A2
15
91
24
44
08
45
44
10
15
12
90
01
12
00
88
99
54
11
08
02
90
10
84
08
88
61
19
90
05
68
24
8A
6A
42
51
40
44
02
A4
64
A4
85
94
14
84
52
45
52
18
91
95
50
00
42
51
95
84
29
04
24
10
A1
22
A0
A8
A1
20
A1
10
4A
98
45
98
89
65
A9
08
AA
A8
65
A1
52
58
26
25
88
84
09
42
9A
12
69
AA
99
90
A4
51
51
AA
89
84
16
95
14
16
A2
25
86
49
A8
56
0A
45
15
26
5A
05
21
A8
94
62
49
A6
29
26
64
62
25
94
92
11
95
1A
42
54
16
19
8A
05
11
16
62
66
65
A1
65
2A
A8
46
65
15
4A
49
00
45
58
29
05
9A
6A
A8
01
A5
8A
56
61
11
06
95
20
80
90
16
44
10
52
48
21
66
88
54
60
A2
20
16
55
98
82
40
80
04
69
52
92
49
00
95
48
8A
51
49
21
6A
0A
29
15
12
65
95
01
45
26
A6
A2
66
96
29
16
A1
29
29
05
A0
41
95
96
1A
92
69
92
96
95
48
48
A1
6A
54
12
40
60
51
49
96
59
81
6A
58
01
00
41
61
01
09
2A
10
62
62
69
94
68
48
20
84
A1
49
54
55
49
86
21
A6
01
2A
02
8A
45
84
06
94
44
A4
A6
8A
85
8A
21
49
80
49
98
68
A5
52
61
68
AA
6A
5A
96
14
5A
A9
91
51
62
89
96
42
95
45
56
48
44
90
92
45
94
49
90
16
45
52
62
A2
85
A6
95
21
18
A1
82
85
42
AA
96
A9
A2
40
14
62
51
22
A6
92
92
A6
19
69
59
62
89
8A
55
20
66
66
86
20
95
A6
50
A1
41
44
86
98
51
86
65
19
09
82
0A
00
11
08
44
82
85
21
92
25
28
A2
60
88
09
26
81
80
89
60
09
06
20
90
04
01
61
0A
A0
0A
0A
41
8A
89
41
80
06
51
82
94
00
A6
84
62
61
18
82
60
40
A4
18
81
80
45
68
04
44
62
89
2A
24
58
86
50
25
54
91
96
08
40
01
01
2A
81
54
A2
41
49
45
02
8A
0A
22
29
88
59
04
90
10
45
8A
A1
24
89
61
84
58
A8
50
5A
2A
14
28
64
24
91
95
45
A5
90
16
61
56
A8
AA
59
81
1A
99
90
59
20
95
4A
89
82
85
64
21
0A
5A
20
A9
61
14
55
02
25
49
88
65
88
25
AA
12
08
84
20
10
66
58
65
0A
40
86
20
9A
64
19
82
5A
12
9A
29
5A
44
69
90
10
92
A6
65
85
9A
09
55
66
52
08
A2
59
01
95
54
05
15
65
24
11
41
82
95
65
84
02
80
52
20
81
99
5A
46
49
21
56
9A
15
95
95
80
44
A9
00
00
42
54
10
09
21
59
54
46
11
95
28
16
08
80
41
44
60
18
65
4A
21
44
16
06
22
1A
98
00
85
60
9A
62
A1
29
06
64
19
98
AA
6A
0A
49
84
A5
89
59
12
29
49
50
60
91
00
A6
99
19
6A
9A
91
22
A5
88
41
49
9A
56
16
40
14
21
62
99
64
48
21
28
55
02
89
14
22
68
60
2A
A9
2A
5A
6A
65
64
44
80
26
82
85
46
14
01
A1
4A
11
40
88
A8
95
98
14
60
19
4A
98
85
28
90
52
68
5A
29
51
A5
50
86
A1
46
11
44
55
6A
61
68
84
41
65
20
9A
62
41
92
5A
26
52
A2
95
40
94
59
55
AA
12
54
49
A6
86
61
2A
0A
96
8A
05
65
80
10
12
85
40
02
48
91
81
95
0A
94
98
14
5A
A1
64
05
45
10
56
A4
46
20
20
46
19
15
25
50
28
11
A5
90
02
40
08
51
24
08
48
28
46
A5
02
94
86
85
85
2A
82
48
64
4A
65
90
04
50
02
20
02
A1
14
08
11
02
60
81
05
14
0A
12
06
19
55
0A
00
02
00
60
15
51
41
26
84
26
89
01
18
04
08
40
00
19
08
A2
62
05
26
91
69
9A
94
85
A8
94
81
6A
59
09
2A
11
45
84
92
45
09
A6
55
20
05
56
82
89
26
51
62
A1
81
85
61
06
28
58
51
A8
A1
09
4A
50
2A
86
59
20
51
52
04
58
A6
A1
61
A5
55
22
55
54
40
2A
96
82
86
55
21
62
68
65
48
86
55
86
52
41
A4
99
11
10
49
98
50
A6
69
11
A6
A4
AA
A1
49
59
46

