61
99
20
86
90
90
82
A6
06
50
A4
56
81
10
09
66
96
85
88
52
15
5A
85
49
24
56
18
96
91
A4
22
06
45
69
16
68
21
6A
95
A9
41
16
A9
92
29
41
10
88
95
28
06
04
64
1A
A4
04
28
90
09
2A
49
54
84
A0
54
A1
95
09
5A
29
24
28
A9
84
A4
68
42
96
A5
29
A9
95
96
41
68
14
68
90
28
96
54
6A
94
94
80
54
A0
61
6A
60
60
86
51
22
29
26
98
A4
62
5A
56
94
99
48
82
06
51
94
64
6A
4A
42
84
8A
8A
11
6A
2A
56
A1
16
69
AA
69
95
96
94
6A
9A
19
28
69
96
55
49
52
86
54
59
96
28
94
55
15
25
64
49
A2
54
45
61
9A
22
98
64
10
61
56
96
54
89
16
89
19
A2
55
91
5A
5A
AA
94
95
88
68
18
14
96
99
29
69
86
68
16
60
22
61
A1
88
52
24
91
88
46
8A
82
98
19
82
45
A0
16
82
49
04
09
55
40
01
88
08
68
89
94
51
06
9A
10
6A
49
69
40
02
88
94
81
20
94
19
4A
05
5A
02
21
56
9A
90
15
15
65
89
48
46
41
15
18
90
65
9A
21
50
00
64
08
40
80
68
8A
18
A0
85
58
29
84
48
A1
92
AA
49
60
20
8A
12
29
60
01
88
80
8A
61
10
64
A2
9A
92
8A
A1
52
68
22
0A
46
25
52
1A
85
94
26
62
92
95
12
50
81
1A
48
92
85
A1
98
6A
14
1A
1A
28
40
15
15
96
65
22
20
56
92
56
94
4A
80
A8
96
95
61
04
4A
2A
66
A1
89
60
55
06
95
91
AA
16
49
48
68
11
16
25
91
14
19
68
81
99
95
16
28
94
29
94
68
A9
4A
19
96
A1
18
56
62
85
14
A0
84
04
88
86
A6
44
26
80
A6
5A
8A
94
50
66
55
49
69
18
42
06
A0
54
5A
09
52
56
6A
29
25
06
91
59
9A
86
15
55
22
A5
A6
59
05
65
99
42
11
91
20
9A
16
81
4A
65
21
85
A4
59
52
65
69
01
A1
0A
59
24
A2
11
20
59
19
A1
46
02
51
41
64
24
68
AA
98
46
85
86
42
91
91
42
48
40
95
16
12
9A
80
52
11
41
09
0A
19
69
19
0A
29
A9
09
08
A9
01
65
05
06
19
5A
99
A4
5A
26
69
65
45
AA
02
46
11
86
68
49
A8
60
AA
0A
81
99
5A
56
21
19
09
24
99
29
A1
68
61
69
99
12
65
58
64
61
65
08
95
22
95
69
64
59
16
52
5A
96
09
64
22
89
24
22
99
62
62
04
1A
0A
66
02
26
85
96
20
68
99
11
A6
A6
65
95
A0
59
56
5A
4A
A1
01
22
A4
51
9A
45
00
81
8A
90
12
64
41
A4
A8
A1
61
55
42
49
05
6A
80
06
0A
06
02
A1
85
41
49
A4
4A
48
81
80
44
61
54
A2
28
81
4A
00
10
20
98
58
14
9A
12
26
05
65
40
54
96
18
08
65
50
24
06
0A
40
01
94
18
88
8A
A8
52
86
10
50
65
81
A2
00
96
A4
50
41
42
84
91
44
49
A5
49
14
54
14
40
21
40
19
26
82
14
01
8A
58
28
26
A5
85
64
A5
96
46
46
56
80
41
44
52
19
A0
96
09
02
58
89
62
51
18
A5
A2
90
80
54
66
A6
91
96
92
61
88
82
4A
AA
84
09
54
28
68
04
08
85
0A
8A
01
91
99
24
16
80
96
49
10
02
19
A2
16
9A
04
54
56
95
95
96
8A
16
16
46
95
60
98
06
19
29
5A
66
10
96
86
AA
5A
60
45
84
A0
89
8A
52
98
48
A2
10
A8
61
42
69
50
64
82
10
85
66
18
01
A1
55
92
89
89
81
81
2A
A9
69
15
81
59
15
22
42
95
12
12
21
51
85
15
69
58
A4
19
0A
01
25
21
A8
52
58
28
98
8A
86
9A
41
15
A8
68
26
02
29
16
80
A2
14
8A
15
5A
A1
62
91
22
06
22
89
05
19
94
09
62
28
84
A8
12
02
0A
9A
A0
01
18
86
49
0A
86
A0
59
85
95
24
49
6A
25
48
61
08
9A
65
81
69
06
68
95
06
A9
90
81
0A
46
29
A1
90
46
65
45
54
56
45
95
A8
A1
25
54
55
55
44
89
A1
9A
1A
21
64
60
99
1A
16
65
05
66
06
55
64
45
11
52
08
5A
19
55
4A
44
14
0A
54
02
59
99
84
25
29
A4
95
95
00
45
88
82
46
42
89
A8
99
A2
16
55
02
01
44
45
24
99
99
06
50
98
12
44
5A
52
10
A1
66
48
52
21
90
A0
41
A8
01
24
21
86
09
11
08
46
05
4A
94
02
06
46
12
92
14
08
86
96
20
A1
80
05
01
12
92
96
20
9A
41
28
01
41
18
61
65
90
49
84
50
00
10
40
24
22
44
82
16
12
92
96
A0
56
A5
82
10
58
66
52
01
06
80
61
14
A0
62
60
5A
21
20
A0
24
28
84
01
49
24
A6
A4
4A
92
20
81
04
6A
20
88
14
44
25
81
64
A8
45
64
62
AA
26
01
A9
A8
84
A8
41
AA
42
96
A2
4A
4A
69
1A
54
55
16
05
9A
01
A1
64
98
A8
99
40
10
88
96
48
00
A8
4A
04
48
84
68
A1
A4
9A
54
26
14
46
24
99
22
96
16
56
51
64
92
A6
56
9A
11
28
18
54
08
A4
40
65
91
90
26
A6
41
AA
81
11
02
69
89
02
61
06
A5
02
06
28
90
68
89
02
98
29
64
09
99
98
0A
A6
86
9A
9A
AA
20
54
28
10
45
A5
45
41
21
98
91
84
A6
98
25
56
6A
1A
5A
05
10
90
11
22
10
44
25
9A
51
85
11
24
96
41
8A
28
4A
81
49
82
10
42
9A
46
54
A2
A8
65
14
9A
61
92
25
94
64
81
49
0A
40
9A
25
8A
96
10
1A
80
48
A8
45
99
91
A5
25
02
60
24
A9
5A
96
1A
20
19
42
15
24
58
16
98
65
96
60
62
09
64
8A
42
51
9A
59
A5
92
29
18
29
51
A9
84
06
51
56
82
A1
69
01
46
91
90
5A
16
45
A9
A5
26
A5
58
48
50
16
96
56
55
A6
65
5A
11
15
6A
9A
91
51
80
0A
A1
22
A4
84
11
98
90
98
52
A9
88
22
05
28
49
85
6A
15
66
65
42
29
80
18
08
01
98
80
46
14
80
84
44
04
28
88
05
40
00
29
20
40
59
00
00
81
48
A2
18
84
04
84
4A
10
82
28
16
61
24
85
82
98
96
82
99
44
00
95
02
92
26
14
18
64
24
28
22
88
01
14
02
48
09
90
44
80
45
02
45
22
62
41
40
A4
00
24
2A
0A
A1
0A
86
84
98
44
40
92
6A
24
69
40
61
8A
58
14
28
61
10
21
0A
96
42
49
12
14
69
94
21
65
49
44
98
0A
98
11
AA
92
AA
A4
55
96
11
81
85
62
55
89
56
68
9A
54
A2
51
55
40
46
46
A8
86
12
59
61
A2
AA
02
86
24
69
08
40
29
A2
98
64
52
82
A4
28
20
85
55
51
4A
58
58
64
22
68
5A
66
68
46
A8
66
68
05
90
A5
12
55
42
20
9A
02
16
41
A0
92
06
15
18
2A
10
62
41
49
04
11
85
90
51
00
48
45
51
08
99
44
AA
18
41
09
44
92
99
59
A6
16
16
28
51
68
5A
18
59
AA
55
A6
A4
26
1A
A5
A4
02
AA
A6
A6
A5
64
5A
49
59
A6
29
86
48
12
16
06
90
15
10
19
11
A0
65
A2
58
60
A4
AA
44
90
A6
16
95
A2
A9
28
89
54
59
11
88
26
A2
50
94
A9
A6
59
18
69
AA
18
09
52
59
59
50
50
59
A2
24
60
02
59
06
61
46
00
61
59
A6
5A
49
54
64
AA
58
95
66
42
91
99
5A
A6
68
2A
15
A2
16
91
58
11
80
A2
04
80
65
51
59
AA
59
26
A8
66
50
59
92
26
42
89
22
1A
59
19
28
24
A9
82
94
59
9A
64
A0
82
65
5A
15
61
89
29
19
55
20
95
55
16
89
6A
41
98
A6
81
55
59
66
A6
A0
10
59
62
26
A2
51
A5
59
26
46
A0
8A
09
65
10
48
A6
64
94
86
08
00
10
61
02
60
02
90
61
02
81
04
A0
99
08
A0
28
40
21
41
00
45
80
A6
A6
81
99
19
61
41
09
48
99
18
58
24
45
86
59
19
80
50
49
00
65
49
14
08
08
01
00
00
04
92
44
80
06
14
04
26
25
A6
21
62
66
A8
80
20
86
A6
58
20
95
A6
24
90
00
AA
20
58
96
19
90
24
80
29
15
19
59
90
24
44
46
18
88
50
88
25
81
92
15
59
61
2A
A8
56
26
59
59
86
8A
59
91
16
16
6A
86
0A
A6
59
59
59
54
60
56
69
69
41
18
69
AA
88
04
55
61
98
91
96
61
21
42
54
62
40
89
A4
8A
16
26
89
A0
4A
59
91
5A
69
81
86
69
45
9A
6A
41
86
1A
AA
59
84
66
A8
A6
69
AA
A4
95
82
59
66
24
06
68
94
1A
40
6A
60
58
49
20
20
8A
5A
61
49
50
80
96
65
0A
65
85
89
91
45
69
82
69
99
84
69
29
12
96
90
54
96
04
6A
8A
54
06
86
5A
A4
94
59
96
29
04
28
44
50
09
14
91
1A
11
99
8A
59
08
28
5A
89
86
58
51
89
50
5A
41
15
61
56
58
98
59
09
58
90
68
69
22
26
68
55
A9
55
49
18
56
69
68
49
0A
18
15
16
46
94
2A
42
2A
94
00
54
50
A6
26
59
48
56
95
9A
45
94
64
64
06
89
4A
91
18
6A
84
65
0A
26
59
68
94
16
28
5A
A9
6A
96
09
95
15
46
A9
68
96
A6
28
60
24
48
4A
59
45
54
26
25
65
10
24
54
96
29
24
58
06
AA
A4
89
09
18
A6
8A
2A
9A
69
68
52
99
A5
A6
60
49
15
96
98
21
0A
88
0A
12
5A
96
A9
84
54
A8
40
48
20
44
68
44
04
04
16
69
61
51
A0
11
40
46
80
00
A8
00
20
12
94
00
92
11
65
11
09
82
29
86
14
80
00
51
12
A2
98
91
28
46
96
48
94
4A
04
2A
09
60
6A
00
20
40
2A
44
8A
58
A8
60
94
48
15
21
10
56
A5
52
06
96
00
88
22
AA
69
16
20
15
16
59
84
80
14
94
15
49
15
41
84
02
AA
20
91
28
92
14
22
08
94
60
25
54
9A
80
54
89
29
09
62
25
88
A0
55
91
65
56
69
09
09
1A
69
88
56
06
00
15
95
06
69
6A
69
24
95
12
15
4A
41
0A
69
94
14
91
29
92
20
52
91
46
84
46
66
01
26
AA
94
50
16
8A
91
58
A2
69
64
25
A6
AA
0A
51
50
66
2A
69
16
49
85
69
95
15
19
96
18
9A
5A
A9
55
81
96
16

