81
44
10
66
06
64
45
24
62
A6
29
5A
20
A9
26
15
09
94
25
15
29
99
86
98
19
26
18
4A
00
85
5A
2A
18
18
59
28
59
9A
A9
5A
1A
29
11
1A
60
46
A4
09
22
89
A9
19
82
69
9A
05
90
05
92
86
58
48
46
0A
AA
A0
95
18
11
45
60
19
45
06
25
05
66
90
54
98
16
A4
29
66
19
25
98
66
A1
26
24
40
A9
26
46
64
41
9A
10
99
10
22
92
82
9A
61
A5
56
61
26
64
A6
8A
8A
A1
56
41
26
21
10
50
A2
58
80
96
A2
06
69
24
A4
64
58
58
1A
25
88
86
81
64
19
98
19
28
A4
58
98
20
65
A6
69
65
A5
A9
59
69
54
0A
50
26
49
98
66
10
95
46
48
9A
05
41
06
A4
25
A1
4A
64
A2
85
60
5A
10
66
A1
99
98
90
A1
26
A9
55
90
68
9A
26
00
19
02
65
41
88
44
A0
19
82
24
11
24
20
24
52
80
11
8A
00
45
4A
05
26
24
90
85
5A
44
24
42
44
82
28
50
18
88
21
40
25
11
98
10
06
58
04
A4
88
01
A0
40
20
04
12
65
46
48
A9
04
90
64
A0
65
60
88
2A
A0
20
58
48
88
19
12
81
82
68
A1
09
08
50
88
28
25
10
40
01
89
11
04
25
08
04
05
24
40
56
26
09
56
99
A1
6A
56
88
16
95
22
A2
8A
A2
01
64
04
A1
9A
89
0A
84
82
26
2A
9A
21
A8
56
99
9A
12
19
59
92
25
A4
66
26
9A
92
5A
66
A0
A6
84
94
05
51
A0
4A
48
60
88
49
42
A1
A4
A6
11
10
10
10
16
86
99
5A
91
88
25
A9
29
15
98
56
20
99
96
51
98
61
59
64
8A
1A
19
59
A9
5A
51
26
59
66
15
59
25
1A
45
2A
09
62
09
A0
8A
19
01
A8
8A
55
46
06
94
8A
25
84
56
56
54
15
26
18
A9
46
45
4A
08
55
52
A9
99
94
65
99
54
95
91
29
01
A8
69
14
1A
A9
4A
95
01
01
15
12
48
0A
91
91
86
A1
92
85
64
22
49
54
9A
12
04
51
1A
A8
91
A6
28
48
52
64
42
9A
91
58
6A
4A
91
4A
A4
66
81
66
4A
95
42
14
66
46
46
91
21
A4
91
92
41
5A
94
22
59
40
5A
01
6A
5A
82
1A
56
A5
25
58
52
09
11
21
62
2A
A8
61
45
A6
65
96
6A
21
15
A5
86
09
26
89
21
A1
81
A9
42
52
99
11
52
46
29
AA
56
48
61
00
A4
81
64
06
4A
85
60
29
14
8A
50
16
15
64
40
64
65
48
26
08
65
0A
A9
29
A1
21
6A
46
91
A0
50
62
21
98
91
09
52
91
5A
95
84
90
11
62
4A
AA
22
04
05
48
A1
40
12
01
99
05
64
06
96
A2
81
94
1A
19
05
01
21
95
86
88
6A
A5
48
94
A0
A1
86
40
46
A0
60
00
A2
45
40
6A
18
48
84
40
42
80
60
A5
9A
98
68
6A
24
8A
66
22
15
85
24
5A
49
28
91
01
68
14
40
41
18
14
18
A1
16
98
01
6A
85
11
A1
A0
25
56
60
11
60
01
10
56
15
68
60
96
91
04
A9
A2
18
89
18
14
56
54
0A
A4
01
54
82
26
21
05
60
A9
A2
1A
4A
28
5A
85
55
22
41
A4
85
95
4A
5A
92
60
82
6A
99
6A
5A
46
9A
8A
01
58
40
19
04
0A
94
29
49
80
6A
49
14
86
01
44
81
06
28
11
98
1A
4A
96
19
12
91
16
46
A9
29
82
91
64
61
5A
A9
91
01
85
6A
AA
95
16
11
61
16
94
A0
69
81
58
69
48
4A
A5
81
92
80
A9
56
84
A8
96
26
66
44
90
08
00
28
64
96
99
2A
54
42
55
22
45
84
0A
96
16
62
AA
11
A6
2A
A8
42
12
1A
85
14
2A
19
26
29
94
04
40
A5
54
96
66
A1
26
A8
48
26
59
25
24
00
46
AA
46
26
A2
44
4A
09
61
94
64
99
20
18
50
66
29
AA
21
A8
05
A1
19
69
90
49
69
5A
19
00
64
15
56
66
11
1A
15
86
94
24
29
54
42
9A
4A
16
99
65
A9
42
02
5A
A8
95
92
45
6A
81
85
46
59
A9
54
68
22
24
A9
A8
95
A6
91
94
22
A2
62
91
55
42
04
29
65
AA
92
98
09
62
A6
44
A5
49
26
85
68
16
5A
AA
58
45
20
A5
95
65
26
04
01
8A
82
99
16
19
65
29
88
11
28
A2
46
45
50
69
68
86
2A
64
46
95
00
20
00
0A
81
84
12
04
A2
A0
10
A0
48
28
49
02
10
A1
05
22
86
12
82
08
59
85
14
20
15
55
92
00
80
A1
A0
2A
2A
91
21
21
16
04
40
15
40
99
12
19
91
00
11
15
09
09
16
86
96
08
28
18
0A
80
00
44
01
00
86
59
0A
20
21
88
02
00
01
22
85
19
02
00
01
44
84
86
24
61
6A
04
05
08
06
09
49
11
41
46
28
9A
94
A6
5A
49
98
08
55
91
60
56
18
56
16
61
19
92
61
6A
44
A1
A6
50
84
65
16
15
18
02
89
02
01
8A
5A
51
A5
12
52
A1
A1
9A
40
56
80
28
0A
98
69
A1
16
08
14
55
96
08
95
86
86
52
50
A6
21
59
45
88
49
06
50
51
95
0A
14
69
86
98
25
48
15
86
A9
A4
65
8A
89
25
06
90
02
A6
A1
22
45
19
60
19
A0
54
25
04
10
89
A9
64
04
A6
51
00
A6
08
28
19
91
A0
52
10
54
96
A6
61
94
69
1A
69
96
66
58
AA
44
42
82
0A
2A
59
24
28
26
02
85
6A
A2
A5
86
14
62
98
00
46
26
11
21
88
AA
9A
29
11
86
69
85
16
66
60
92
4A
58
99
25
96
10
A5
65
11
69
96
62
4A
86
85
91
0A
99
66
81
5A
80
91
50
56
22
99
19
95
6A
08
18
6A
95
09
95
59
98
19
95
58
98
45
14
96
50
45
81
4A
95
A9
1A
5A
25
91
99
16
62
52
94
5A
41
14
6A
6A
4A
95
AA
91
29
0A
6A
6A
52
65
85
61
50
9A
A0
18
65
91
19
1A
22
A9
1A
28
99
16
21
5A
44
62
24
29
90
6A
62
04
45
66
A9
91
14
61
51
90
01
A1
4A
95
25
62
5A
19
95
18
AA
A6
60
94
4A
A5
68
18
2A
88
11
16
A6
95
11
21
14
A1
10
88
21
2A
4A
80
15
10
9A
50
1A
10
00
50
26
48
95
60
18
80
40
91
0A
4A
48
09
01
86
60
84
64
A0
91
11
10
65
91
44
95
55
0A
85
98
2A
84
24
98
0A
12
85
A0
28
A0
22
12
50
60
18
20
21
16
90
10
46
A9
02
46
9A
48
60
15
42
80
6A
68
98
06
09
AA
A0
A4
91
04
2A
05
15
66
50
25
41
96
5A
62
89
64
4A
A8
96
56
29
95
55
22
51
60
91
61
A5
59
85
45
51
50
20
19
29
02
62
6A
9A
95
89
55
A2
14
62
A5
05
95
A4
66
09
12
24
58
28
55
18
01
20
18
9A
48
06
65
0A
81
24
86
AA
52
0A
92
40
15
92
88
5A
5A
45
46
84
55
4A
19
22
85
A5
0A
62
6A
88
62
62
88
8A
86
99
4A
09
A4
40
A6
22
44
84
80
A5
A1
A6
59
A6
02
95
91
15
68
06
45
A4
09
69
56
98
AA
59
56
06
A0
22
20
8A
19
2A
16
9A
48
84
58
10
9A
99
25
56
25
A5
16
19
26
09
66
86
42
AA
25
96
20
11
18
55
A0
44
15
89
66
65
55
51
16
A2
29
62
02
09
28
25
A4
24
56
56
26
48
51
19
A9
5A
09
11
65
A2
96
06
50
64
25
88
96
89
52
92
A1
58
40
1A
49
91
66
46
11
AA
A4
16
59
A4
49
86
95
28
55
A2
19
1A
1A
85
56
91
48
62
21
96
99
56
10
51
A6
42
55
06
96
5A
11
A6
29
06
59
A5
21
19
A6
86
26
56
06
58
04
42
95
A1
01
95
18
12
A4
21
6A
14
4A
88
48
96
61
05
44
20
69
55
16
50
96
65
82
12
54
95
62
A6
95
69
1A
A5
59
A8
50
41
18
68
A0
14
69
A4
48
49
06
55
24
22
25
22
0A
21
A4
80
08
58
5A
A4
85
94
96
48
05
A4
10
29
54
00
80
12
1A
90
21
81
95
48
95
21
5A
80
60
92
09
54
21
A0
20
21
48
89
51
15
61
0A
61
89
A4
12
04
28
52
86
9A
54
49
02
58
46
92
98
61
96
11
84
90
54
A8
08
5A
14
54
55
A0
22
4A
08
18
60
02
9A
25
59
50
02
26
62
09
11
88
48
01
25
19
61
02
A4
60
02
92
2A
66
96
54
10
98
24
96
66
11
56
45
29
69
9A
22
20
24
69
26
98
05
52
20
46
21
22
5A
08
42
26
08
44
24
96
19
58
65
19
A6
08
AA
14
A5
24
A1
59
84
29
69
52
0A
51
05
85
98
69
A5
51
61
10
A8
12
A9
1A
96
94
1A
40
8A
28
94
88
65
85
91
A8
55
A0
1A
12
04
10
88
1A
06
86
26
41
40
52
0A
04
55
21
86
04
50
A5
A4
89
09
44
15
25
6A
A1
99
48
92
16
A6
82
9A
24
86
04
48
4A
15
45
A4
6A
89
10
60
89
06
58
4A
A0
02
16
06
1A
26
06
4A
22
A4
40
18
9A
65
05
A0
69
68
A0
61
52
61
49
55
61
86
18
51
21
49
A0
41
26
40
AA
A9
05
92
19
51
21
58
48
A6
A8
A1
14
20
9A
59
86
45
98
61
19
86
69
89
A4
52
8A
68
59
95
61
49
46
89
55
A6
65
62
AA
65
59
05
16
86
56
56
A9
24
A1
9A
85
02
46
24
06
69
86
26
91
48
24
59
A9
18
A6
8A
60
84
54
95
90
99
82
26
15
A9
44
20
A6
66
60
55
0A
04
59
80
58
28
08
59
A2
9A
49
09
AA
16
98
11
56
8A
25
06
29
86
8A
42
62
02
18
11
80
68
19
9A
04
82
A0
10
45
05
14
11
40
18
50
60
A0
42
0A
08
A2
80
06
8A
15
64
99
86
04
04
84
06
15
41
10
86
84
50
48
8A
29
00
96
09
12
21
14
24
01
20
22
80
AA
69
14
41
21
00
22
46
44
64
09
A9
00
00
94
88
52
82
88
41
12
24
80
02
90
51
81
80
02
46
66
51
95
99
6A
A2
60
86
60
15
A1
98
8A
95
5A
64
55
86
91
62
95
A8
42
10
21
29
49
A6
56
A1
1A
8A
66
49
A9
20
59
94
10
5A
66
86
A4
92
25
49
64
99
82
90
A4
49
95
49
68
82
A4
48
41
A1
99
96
66
A2
22
60
44
81
80
46
A6
59
92
0A
65
84
02
45
A4
62
92
24
A2
52
16
1A
25
A2
8A
59
A6
48
AA
9A
A6
92
49
94
56
46
21
41
1A
0A

