95
98
52
69
16
80
59
A6
A4
55
54
29
A9
96
59
65
48
8A
5A
A4
56
52
AA
84
86
5A
2A
82
09
96
48
91
55
91
88
95
29
58
95
88
1A
42
55
54
AA
45
4A
92
60
45
65
16
52
95
A2
44
A1
08
99
60
A1
A2
86
20
65
59
A2
51
52
66
02
49
86
45
08
A1
16
90
60
20
8A
11
8A
0A
55
51
46
6A
46
18
0A
A1
A9
A1
18
1A
92
04
A6
55
59
A6
A2
6A
51
29
6A
20
59
55
65
42
96
69
52
89
AA
A5
69
01
98
26
96
45
9A
A2
2A
6A
A6
28
50
96
6A
6A
58
2A
A5
AA
62
56
64
66
62
16
96
10
AA
61
94
58
66
29
62
28
8A
A6
41
6A
14
55
48
10
18
59
06
55
95
51
AA
A1
22
66
92
5A
81
18
05
58
9A
85
06
8A
45
20
85
21
99
A8
80
88
64
92
AA
21
69
96
58
8A
62
92
A9
2A
84
90
A0
82
96
51
68
A6
A0
A9
50
59
84
52
96
96
45
A9
56
A9
58
11
41
24
A6
48
48
82
96
2A
A4
55
91
2A
25
95
AA
4A
98
A6
45
5A
12
90
04
25
52
56
A2
59
A2
60
54
40
55
A6
9A
A5
55
5A
24
61
15
49
A0
52
A9
69
A5
55
58
24
5A
0A
A4
AA
91
48
96
69
A8
61
21
65
05
06
5A
21
52
A6
09
19
96
A1
81
52
A5
A9
16
66
56
5A
52
68
19
40
99
66
99
60
29
61
69
05
29
68
A5
12
95
29
90
02
8A
94
69
16
69
64
54
99
55
48
21
95
49
21
85
61
15
59
84
98
40
56
8A
56
55
49
9A
51
20
A1
51
69
65
A2
56
61
04
4A
68
00
21
AA
91
52
5A
54
18
49
A2
89
58
52
96
61
24
6A
59
A5
61
62
54
88
65
25
26
A6
85
89
22
04
58
65
A4
69
11
89
55
19
58
51
46
A5
99
62
28
5A
58
25
45
6A
49
2A
21
92
49
00
88
88
8A
9A
56
56
A9
6A
65
A5
21
15
42
45
AA
AA
69
A2
1A
88
98
A9
49
65
54
55
49
15
58
61
80
66
65
62
A0
59
42
A5
5A
95
59
02
09
59
A2
A6
A8
18
A6
99
59
29
91
A5
18
99
A8
11
8A
58
A5
10
49
20
5A
61
0A
8A
25
A9
29
54
24
94
51
69
68
41
A6
A1
60
8A
89
9A
A1
66
A9
21
69
01
60
A8
68
A9
A6
65
88
26
55
0A
66
88
99
00
5A
98
22
14
95
0A
AA
59
48
14
6A
62
59
84
4A
06
66
1A
54
99
05
A6
A8
56
16
92
5A
59
4A
41
8A
5A
64
12
58
8A
4A
86
59
15
4A
8A
18
46
A8
65
29
05
58
96
00
01
86
12
54
A6
59
82
18
55
66
44
18
A6
89
16
5A
94
46
A1
01
A4
56
96
A4
56
4A
52
46
65
64
86
55
A9
55
65
68
20
A5
20
60
05
09
16
62
81
AA
A6
92
22
92
51
5A
15
19
2A
86
15
11
16
4A
12
0A
06
1A
90
5A
24
5A
2A
59
A4
05
25
68
64
99
9A
42
96
29
69
8A
22
88
16
22
56
52
54
94
91
26
85
A6
AA
08
A5
66
96
02
52
66
54
12
49
85
A9
82
04
4A
02
58
AA
4A
99
92
AA
96
56
05
A9
A9
9A
2A
06
69
AA
28
65
15
95
41
A1
A9
A9
9A
42
6A
66
55
59
5A
10
96
A8
51
25
55
45
54
98
51
A6
6A
68
2A
A6
86
A2
92
92
96
0A
15
68
5A
22
9A
52
5A
51
6A
64
16
A5
69
68
94
4A
49
66
A6
49
A5
95
48
1A
19
94
96
06
42
58
15
62
2A
48
9A
06
A1
59
AA
2A
98
A6
55
86
21
06
90
2A
95
40
96
A9
99
A4
A5
A6
02
58
44
55
68
2A
A6
A4
56
64
15
22
2A
A5
50
A5
89
4A
69
9A
91
15
58
95
5A
49
91
58
58
A9
A9
56
80
58
21
54
A2
85
AA
8A
69
52
44
51
A8
69
92
96
6A
44
2A
84
98
66
46
61
91
52
A9
92
65
85
AA
62
55
29
9A
01
65
2A
4A
0A
2A
18
16
A9
42
59
A6
26
A8
52
69
A9
A8
A2
50
9A
5A
58
24
29
55
40
82
14
82
65
65
59
84
0A
46
5A
6A
59
49
59
85
94
91
55
A9
AA
51
A8
AA
A2
16
6A
95
16
A9
45
A6
84
24
52
18
88
A9
85
8A
45
66
28
04
69
88
62
A9
86
96
AA
A4
A8
AA
2A
AA
62
A6
69
96
29
82
69
1A
16
2A
15
99
25
60
44
51
60
6A
25
96
02
9A
41
8A
68
94
65
AA
A5
5A
25
A2
24
94
84
AA
1A
45
59
9A
49
8A
95
60
51
60
56
68
56
56
04
96
48
95
12
95
16
45
56
A5
50
5A
66
96
55
25
AA
94
64
65
96
55
55
52
55
89
05
52
09
A9
09
5A
A9
91
91
6A
6A
99
45
84
2A
54
A0
A4
44
40
89
14
26
86
56
60
46
95
0A
06
65
50
56
10
26
51
89
01
6A
56
94
AA
0A
12
42
14
88
69
81
45
8A
56
A8
69
95
AA
62
90
25
1A
18
8A
95
69
86
49
41
96
5A
65
45
18
04
15
59
25
1A
52
A5
89
16
94
56
28
29
52
60
16
15
62
62
A1
5A
6A
9A
04
10
40
00
58
44
44
86
19
84
6A
84
91
91
11
69
A8
16
95
55
51
48
66
41
82
96
A6
81
98
8A
06
45
AA
24
89
06
55
A1
46
59
94
64
A8
00
90
A9
A9
A2
06
09
A6
54
52
10
10
68
A6
56
8A
AA
45
18
2A
15
26
21
96
66
80
A2
05
9A
62
25
A9
54
49
2A
54
1A
90
08
09
96
A0
12
55
89
89
58
48
85
88
96
A5
22
A8
8A
22
40
81
6A
25
A6
88
5A
59
66
45
96
56
A4
5A
55
16
41
16
A2
25
56
46
62
45
4A
A6
A9
11
42
06
45
48
68
A9
56
99
6A
96
5A
55
09
84
52
94
29
52
50
94
89
58
92
94
81
98
59
A0
95
04
91
4A
25
29
18
54
52
91
56
49
A2
92
A2
85
9A
42
69
02
21
A9
45
64
0A
99
44
66
44
96
85
20
4A
55
AA
95
06
A5
69
66
5A
5A
42
9A
09
56
69
A9
1A
55
28
14
41
25
66
51
64
94
22
A2
16
12
22
49
40
48
16
46
15
96
49
65
05
29
A9
A9
11
56
A8
28
99
A4
A1
A2
59
A9
00
8A
81
64
A5
54
92
42
98
52
89
28
62
26
55
2A
45
21
56
94
54
81
98
28
55
A5
66
58
46
26
1A
A8
8A
65
2A
1A
86
48
5A
86
99
54
21
2A
26
11
A1
89
64
81
48
12
02
05
02
90
99
86
44
2A
A9
A9
16
6A
56
62
48
44
58
00
AA
05
2A
A9
A6
90
58
96
59
41
51
89
2A
A2
18
10
A5
A5
1A
51
A8
29
51
15
11
26
65
01
40
96
29
19
54
69
AA
59
6A
05
82
09
A6
80
41
99
69
61
15
82
99
59
04
82
A9
9A
58
00
66
A6
69
16
99
1A
82
56
2A
15
65
25
8A
85
AA
59
06
81
09
01
89
4A
0A
45
9A
24
40
86
96
84
54
46
54
55
50
61
59
A5
69
A4
05
58
24
14
62
48
50
60
84
61
29
A4
68
A0
00
45
62
AA
20
05
AA
24
81
6A
18
58
58
54
94
62
01
28
A1
28
65
80
2A
9A
A5
48
51
9A
61
58
59
04
09
6A
94
26
94
9A
20
5A
42
44
60
91
A0
68
11
16
28
4A
40
42
48
59
A5
69
62
55
16
44
84
96
6A
59
56
51
40
58
A0
55
5A
16
19
84
9A
84
4A
18
55
41
12
98
04
19
05
A4
84
99
56
28
91
2A
58
64
9A
22
56
45
06
58
A0
02
85
20
A9
99
8A
26
04
8A
96
06
69
A2
92
96
04
A4
69
19
66
4A
96
0A
A8
96
25
46
94
69
40
A1
A5
52
18
A4
54
19
2A
88
00
99
A8
58
24
8A
54
68
02
24
24
82
45
64
A5
56
04
94
65
68
19
12
A8
28
84
65
A8
54
40
09
2A
11
21
41
14
82
55
69
45
16
54
A6
82
55
18
94
24
A6
92
95
A5
64
05
98
58
69
56
1A
66
9A
44
18
48
AA
01
56
54
04
2A
89
84
86
0A
A9
89
A4
60
16
84
28
A5
A8
59
06
84
98
40
98
62
15
44
84
16
4A
A4
99
50
65
6A
84
85
98
20
18
48
0A
46
42
A4
86
99
01
6A
99
90
04
09
A6
6A
00
A5
59
84
6A
28
A5
24
21
1A
04
A9
80
02
80
80
45
19
46
06
22
A8
14
94
99
48
46
92
65
66
22
94
90
55
14
09
10
52
94
45
00
14
A4
46
48
58
51
14
44
81
60
88
22
24
95
10
16
62
82
A9
58
42
10
82
40
24
68
60
19
94
68
66
05
A8
10
80
55
A2
00
68
16
24
84
A5
25
A5
88
28
65
92
24
01
A0
99
41
A4
56
04
61
82
88
86
21
A4
95
44
56
2A
62
19
88
A2
14
54
A8
92
64
61
50
89
10
44
29
24
AA
61
06
4A
99
21
54
84
96
28
58
59
16
1A
68
5A
69
58
68
50
A9
99
59
69
62
45
22
9A
54
02
1A
9A
85
59
06
52
94
54
0A
0A
89
42
86
5A
99
96
29
66
19
89
0A
05
45
16
42
66
51
65
A8
64
08
28
86
95
40
60
99
54
98
24
45
66
24
55
56
A8
85
A1
AA
95
95
29
46
48
98
25
A5
94
98
8A
12
56
51
59
99
66
42
80
90
69
98
02
16
50
6A
88
92
02
11
56
4A
42
26
22
49
A2
19
A9
24
04
25
51
A6
21
05
4A
18
88
A8
68
45
45
A2
80
29
48
80
24
25
49
05
65
1A
26
66
42
95
80
01
15
40
15
A9
51
54
54
28
0A
11
92
A2
98
9A
11
81
94
92
02
52
9A
45
25
26
56
66
1A
49
24
9A
40
0A
45
82
48
95
96
59
11
55
20
5A
04
41
0A
94
14
22
05
46
A8
A9
55
06
6A
A0
9A
A1
51
A9
18
A9
16
00
49
89
56
22
82
16
50
56
40
9A
16
48
68
A5
61
A6
65
64
0A
51
94
11
86
60
18
88
91
89
96
92
24
65
69
4A
8A
18
A9
64
81
1A
05
05
6A
96
0A
51
90
48
A4
82
60
A1
11
69
9A
16
96
84
2A
58
84
04
A9
46
84
84
A5
64
9A
55
A4
11
14
89
42
A1
A1
96
88
18
46
66
26
2A
51
95
52
01
12
95
51
98
29
64
10
06
68
09
45
69
08
18
A4
8A
68
95
62
A5
92
50
AA
58
A0
98
96
55
49
65
81
A2
80
4A
46
16
56
08
A8
25
40
8A
68
10
46
91
90
82
29
45
95
02
A8
14
69
51
A0
56
85
59
6A
81
50
61
99
22
60
50
44
11
68
26
99
A5
A6
66
58
8A
89
98
00
59
41
9A
A6

