00
26
28
1A
48
12
95
65
4A
58
50
62
86
56
95
8A
98
11
9A
66
06
64
55
08
A9
05
09
55
54
62
28
5A
0A
66
64
65
46
46
A4
56
20
80
6A
26
62
44
4A
85
1A
4A
11
AA
66
26
42
46
49
A1
94
25
82
65
44
60
46
A8
94
15
86
94
12
55
90
94
19
62
08
A6
AA
A6
AA
96
25
25
09
9A
64
88
0A
A6
49
52
AA
A6
A9
95
9A
A8
50
86
26
65
99
14
64
19
99
48
12
50
A9
29
19
22
19
42
26
28
62
4A
19
98
10
52
14
15
46
46
A4
A6
05
64
0A
01
61
16
91
66
A8
92
08
AA
85
81
99
59
56
54
98
66
09
40
94
56
A9
18
55
62
69
AA
59
44
96
50
21
99
64
12
A2
A8
AA
65
04
AA
A4
A0
99
25
98
1A
56
65
85
A9
65
A6
46
92
99
86
62
66
99
16
86
52
51
29
88
64
21
99
61
90
95
59
A6
54
0A
68
46
92
6A
01
04
54
29
28
AA
95
08
4A
26
14
A4
08
4A
16
0A
A9
09
25
6A
62
A4
90
A9
82
88
50
09
A6
8A
50
95
10
96
65
29
85
25
28
9A
81
6A
22
81
6A
24
01
80
56
91
02
45
09
29
A6
90
15
55
99
26
29
28
15
99
44
56
22
58
A2
95
A5
94
86
58
48
4A
A6
6A
55
22
02
A0
09
44
6A
62
8A
99
50
54
85
85
41
59
15
89
2A
18
89
65
66
60
AA
59
28
05
46
29
A1
41
68
08
04
66
66
19
AA
68
64
96
5A
48
AA
11
24
91
62
54
48
A8
14
A9
20
62
1A
68
A0
66
52
05
86
9A
9A
54
44
91
10
10
44
06
1A
A6
24
22
40
A1
55
20
4A
60
89
99
29
96
A2
11
2A
49
A6
94
44
62
45
02
A5
24
55
25
64
28
09
A5
91
94
56
96
48
96
14
58
6A
A4
99
A5
29
56
91
95
41
25
6A
9A
A8
49
14
96
10
28
69
58
25
15
44
5A
42
15
5A
68
56
62
90
0A
60
26
48
26
59
68
A5
21
02
A4
A2
1A
59
86
A1
98
66
45
68
89
49
61
A4
AA
49
56
69
25
11
A8
56
69
16
00
40
A9
69
98
86
88
89
68
4A
92
05
45
8A
86
96
A6
A4
65
91
69
29
88
99
80
A9
89
42
09
AA
26
69
82
22
95
94
99
0A
A6
A2
84
58
68
88
8A
51
25
54
68
01
59
55
6A
AA
99
14
2A
19
44
59
69
89
58
A6
10
0A
62
A2
22
4A
22
54
21
66
86
1A
98
22
02
59
AA
95
0A
68
84
64
15
09
45
66
01
51
54
66
19
95
15
14
16
2A
94
15
28
95
91
46
19
04
48
44
45
52
92
92
10
95
6A
5A
89
5A
66
86
91
46
94
06
A2
11
90
16
01
81
AA
91
62
65
21
64
2A
A8
15
46
64
66
45
4A
25
15
59
25
2A
26
52
A5
84
52
18
52
28
A9
24
94
26
5A
69
21
25
19
98
1A
20
05
88
56
26
65
98
A9
25
1A
90
4A
11
4A
A1
25
41
66
99
8A
91
49
02
11
12
A9
88
0A
12
54
05
29
54
54
59
82
00
80
28
50
09
91
56
94
65
94
50
9A
AA
05
84
58
A0
96
91
19
A0
90
29
65
1A
A9
2A
02
08
66
66
01
61
09
04
06
19
29
4A
49
26
59
96
89
52
05
59
51
0A
20
99
96
2A
02
0A
81
A4
88
88
21
2A
52
05
0A
14
98
09
5A
22
A2
88
A2
44
92
91
A2
96
46
56
8A
62
96
90
14
24
8A
05
A5
15
94
0A
1A
02
91
8A
06
46
99
6A
99
58
85
58
52
98
26
25
05
A6
5A
0A
96
59
82
0A
89
12
6A
6A
68
89
60
90
65
A5
11
6A
29
A4
61
92
50
44
92
A2
64
69
60
69
8A
86
91
44
5A
55
A1
45
59
59
46
6A
12
85
24
22
A4
25
45
94
96
06
25
94
46
45
80
69
95
A6
60
10
19
6A
82
2A
0A
99
A8
60
26
19
A1
A5
5A
56
9A
88
60
A8
91
92
58
85
40
AA
81
91
26
0A
48
86
AA
21
A6
05
2A
09
54
10
58
56
25
28
89
62
8A
56
A9
96
6A
99
51
89
94
99
89
66
11
55
62
92
24
66
A2
48
6A
96
94
5A
86
48
92
82
54
59
52
8A
64
18
0A
09
28
60
58
14
21
04
59
A2
5A
46
A6
9A
5A
91
26
21
A9
58
69
52
81
65
9A
A4
A2
88
24
2A
9A
A6
88
26
A8
52
25
09
11
59
65
65
19
06
6A
25
59
41
99
15
95
5A
80
44
AA
86
8A
46
66
4A
05
9A
8A
62
48
69
64
A1
A2
56
85
85
44
95
AA
26
29
A0
69
52
44
98
98
1A
69
2A
46
25
60
85
54
54
A1
6A
61
96
95
25
60
99
69
06
A6
4A
56
AA
55
82
AA
64
55
69
51
06
16
98
25
16
49
AA
A9
56
AA
A9
05
1A
A1
5A
1A
05
90
98
02
2A
24
5A
AA
12
94
A5
A1
81
9A
84
91
20
2A
84
49
A9
55
41
5A
81
84
65
60
54
A1
A9
45
65
A2
98
10
14
A1
59
25
24
A4
61
05
81
44
06
95
25
51
46
05
68
22
69
21
55
A1
AA
64
A8
61
44
06
22
21
54
A9
8A
69
4A
65
29
6A
98
26
91
50
86
42
46
A5
48
56
24
85
96
29
20
68
6A
89
02
91
05
95
A5
51
28
58
A1
54
A8
90
22
94
15
11
44
8A
28
45
A0
1A
18
22
64
98
A4
09
1A
29
0A
96
66
59
A9
28
A5
A2
52
65
66
6A
46
24
AA
28
69
85
61
9A
2A
19
26
06
95
1A
0A
96
5A
69
56
19
95
48
06
54
25
08
96
92
85
65
1A
6A
A6
AA
51
26
66
A9
25
55
29
11
9A
22
92
A2
68
52
A9
A6
19
A8
51
96
96
4A
58
15
44
05
AA
1A
55
66
96
69
2A
86
A9
81
6A
4A
98
15
52
A9
66
12
0A
56
98
68
55
28
09
88
8A
91
9A
85
69
9A
A4
6A
96
29
89
54
56
25
6A
52
18
08
6A
95
66
A9
15
91
10
11
90
56
A5
29
85
02
22
A5
52
62
0A
68
94
69
65
A2
91
48
94
94
55
14
02
48
A8
45
16
A5
02
22
25
12
A5
04
14
A6
81
55
AA
16
94
51
68
16
88
59
2A
65
A6
55
6A
55
02
16
15
26
A0
41
65
19
29
24
95
9A
A4
A9
14
6A
89
61
86
59
95
10
2A
62
20
69
62
50
65
44
96
96
A5
00
58
90
21
16
A6
A9
65
16
8A
A1
1A
61
56
65
29
90
AA
68
24
2A
62
62
0A
55
04
61
A2
6A
92
55
16
94
88
82
85
48
19
28
40
20
28
69
86
10
98
56
1A
A9
26
14
51
40
44
96
66
86
66
54
68
24
14
82
28
65
5A
95
29
A1
99
55
59
55
46
14
96
24
5A
A6
94
16
49
96
08
89
12
9A
9A
50
10
49
A0
60
4A
A6
20
AA
24
48
10
6A
69
56
26
04
A6
90
45
9A
40
54
94
04
16
A8
90
0A
6A
00
41
A8
96
9A
51
86
A2
A2
46
95
21
A9
08
A6
94
A0
85
A8
92
A4
9A
9A
41
52
A1
22
A5
1A
5A
94
46
86
45
86
05
2A
56
A8
66
51
66
26
46
28
92
25
55
41
94
66
19
AA
5A
26
45
A2
88
8A
29
11
69
19
15
55
96
65
2A
91
6A
90
65
A9
51
A5
22
85
94
05
80
68
A8
26
A5
A9
8A
00
A6
84
64
68
A6
48
84
54
A5
A0
60
68
A0
69
16
94
61
56
69
42
A0
69
44
52
A1
A0
49
95
05
A0
85
02
42
41
55
9A
04
5A
54
80
15
9A
59
9A
8A
65
94
49
55
44
99
86
54
5A
14
48
54
20
55
58
21
22
50
85
59
A6
29
69
A6
69
45
A9
11
44
45
1A
84
59
85
0A
4A
29
16
94
18
A4
99
98
80
91
81
99
60
62
40
55
88
A5
5A
82
60
54
04
94
45
69
54
90
A8
58
A6
58
26
28
12
59
60
A5
61
A9
21
A6
56
96
28
60
1A
06
65
A5
94
5A
66
90
A9
98
88
5A
06
11
65
45
48
54
85
A5
54
90
44
68
28
04
A6
09
6A
05
A9
16
44
A9
16
58
4A
55
A2
94
45
A6
8A
0A
88
40
6A
66
91
62
5A
64
05
AA
56
45
84
40
55
A8
46
A5
8A
05
81
01
18
68
A5
58
56
49
56
8A
94
54
61
A2
42
A8
06
55
86
89
29
85
99
92
59
69
0A
A5
99
80
01
85
AA
94
A9
00
69
A8
62
88
AA
82
20
42
59
69
A5
42
26
99
A4
12
98
95
A0
60
18
94
AA
60
48
26
A5
28
86
A9
48
99
92
09
22
A5
86
46
94
14
94
62
56
22
48
04
9A
19
06
25
81
88
29
1A
98
28
05
AA
2A
46
49
02
5A
09
06
06
9A
58
54
A1
99
55
9A
95
5A
45
49
94
66
84
99
05
65
91
60
86
96
56
49
06
49
99
94
16
15
82
A5
52
55
80
02
15
44
52
62
A1
04
12
82
6A
98
85
09
61
92
68
80
AA
45
12
1A
56
15
08
08
90
0A
56
90
91
86
98
69
1A
25
52
11
4A
6A
88
A1
08
29
95
4A
94
11
09
80
14
86
55
99
95
29
69
59
51
A6
59
95
81
88
9A
A6
99
42
A1
45
20
61
11
A6
40
41
44
96
86
40
A4
25
10
A4
25
44
00
88
AA
09
92
24
46
26
89
62
29
09
6A
25
68
5A
84
85
85
91
66
44
19
46
5A
0A
48
14
82
64
28
A8
60
41
06
A9
49
65
91
58
88
98
50
0A
46
59
55
55
65
65
AA
A9
5A
56
5A
91
96
15
A2
49
04
20
44
84
92
50
95
6A
69
2A
9A
95
A6
90
01
1A
54
8A
98
A8
94
06
65
8A
98
66
65
48
82
50
A2
80
99
20
A6
45
8A
8A
A5
91
46
11
65
96
05
96
81
49
5A
8A
08
21
AA
59
85
54
61
56
15
59
9A
95
4A
02
94
86
28
49
54
82
80
A2
A2
61
15
2A
14
A1
98
A1
A4
15
98
40
91
45
84
9A
45
89
69
1A
66
88
80
AA
99
88
A6
22
05
69
62
AA
86
61
44
96
28
29
15
62
A8
18
A1
AA
24
12
16
00
68
6A
19
82
89
95
16
99
46
06
94
11
56
1A
99
6A
A8
02
5A
AA
64
A0
92
06
26
84
89
20
A6
60
4A
88
A4
98
A8
40
99
09
65
06
AA
A1
58
88
84
A4
9A
AA
48
00
A9
20
6A
28
20
09
55
68
98
49
24
98
A0
8A
A0
58
A8
50
18
42
16
65
28
85
62
56
06
15
84
21
45
66
61
A9
84
85
91
84
0A
00
4A
91
60
61
99
54
82
28
69
A4
99
41
2A
5A
45
A9
8A
20
05
6A
06
2A
81
12
84
52
09
AA
06
59
10
65
81
5A
61

