A2
A2
45
A1
5A
18
5A
89
66
65
A9
61
96
4A
26
99
08
A2
89
5A
18
64
AA
86
9A
04
06
91
0A
45
42
62
81
50
06
82
AA
6A
05
88
AA
95
59
14
42
68
11
49
24
28
9A
8A
58
59
8A
99
55
91
58
65
92
90
65
94
64
2A
11
91
19
18
A8
99
A5
A5
29
46
A4
46
61
06
45
19
4A
45
A2
A6
42
66
64
95
98
8A
66
48
59
41
29
92
58
05
2A
48
69
55
96
6A
05
82
60
40
82
96
12
28
04
08
84
A0
20
08
4A
56
54
64
A5
AA
18
16
A0
6A
A5
6A
51
A9
06
21
59
A2
96
80
69
6A
45
6A
92
85
58
A8
25
92
69
8A
06
98
A2
69
42
94
55
24
50
95
60
22
4A
16
66
94
52
98
89
8A
99
99
26
A8
61
56
81
69
62
91
61
52
45
22
1A
01
20
26
45
0A
55
51
45
64
90
62
19
6A
18
92
19
91
8A
A6
96
50
85
86
82
46
04
92
64
89
4A
22
99
6A
1A
A1
64
00
54
19
80
AA
A8
99
5A
55
5A
84
41
16
42
55
91
A5
55
65
94
2A
A9
96
95
A6
52
19
46
A0
51
12
98
0A
46
25
92
A1
60
94
A5
45
05
66
60
91
96
99
42
22
80
69
04
89
5A
A1
98
A4
92
A5
2A
44
68
2A
19
1A
A8
95
44
24
85
68
48
98
AA
59
94
82
98
40
65
A0
65
AA
41
9A
AA
A9
55
01
69
08
21
85
10
89
51
9A
15
86
9A
09
01
58
91
96
A2
26
69
91
68
94
69
5A
96
A4
0A
2A
0A
6A
82
69
02
59
AA
8A
9A
2A
52
41
9A
10
52
99
9A
66
11
A9
A9
49
A0
64
98
2A
A8
84
64
10
AA
06
9A
69
10
86
29
A9
65
46
25
58
84
61
A8
99
46
A6
99
69
98
6A
04
9A
45
5A
9A
1A
16
58
61
18
94
92
4A
66
58
58
95
69
59
A5
59
48
46
52
25
59
49
88
54
95
60
0A
8A
6A
66
02
49
59
95
89
25
22
42
64
56
AA
45
04
92
94
65
82
85
65
A5
A9
1A
59
46
54
8A
69
68
19
A1
52
A9
58
99
A5
64
94
65
49
89
64
62
A5
45
9A
26
81
59
95
50
68
55
69
29
52
42
20
55
82
A5
95
21
1A
52
9A
A4
A4
21
A4
12
99
A9
88
95
0A
99
96
A6
89
66
A9
0A
16
01
26
51
6A
AA
62
62
A6
56
29
A6
62
54
89
46
05
68
18
04
51
55
54
09
66
9A
44
99
88
59
62
AA
46
55
1A
19
0A
25
0A
A5
59
A6
62
56
8A
05
65
A5
19
16
40
6A
19
55
91
16
55
5A
82
8A
86
55
62
62
41
11
6A
40
14
65
4A
55
19
90
29
92
59
81
69
91
A0
52
A4
48
A4
65
24
15
61
48
A5
A2
05
54
00
A6
68
A6
91
51
56
A9
4A
49
96
A1
A5
4A
54
88
20
24
65
6A
A5
9A
18
5A
65
99
65
88
6A
89
24
66
05
8A
5A
02
50
4A
11
64
44
41
55
11
54
96
62
95
5A
02
45
90
64
12
91
99
62
AA
62
09
16
55
46
A4
81
00
68
A8
55
65
AA
69
05
28
55
5A
8A
55
81
A9
25
A5
AA
99
66
AA
5A
2A
89
61
50
0A
A6
04
56
82
1A
64
89
41
56
A8
95
9A
98
9A
81
A9
46
61
9A
29
98
46
66
A4
9A
99
19
29
1A
66
59
26
51
89
55
85
56
24
AA
54
19
69
0A
18
99
28
29
12
85
99
69
14
86
40
59
61
94
88
A1
A4
94
55
40
95
A1
42
99
96
08
16
8A
62
58
50
40
12
96
48
9A
4A
46
A9
AA
21
95
24
65
96
84
11
89
84
A6
40
60
2A
06
88
65
A5
49
69
42
A1
29
92
18
99
55
52
45
15
86
25
A1
25
68
66
58
2A
18
86
51
92
96
65
56
64
61
A4
A6
42
49
51
6A
19
A4
94
65
41
06
42
85
25
65
45
6A
54
11
51
26
8A
29
6A
8A
92
66
A1
21
99
41
56
45
49
51
A0
6A
6A
15
69
AA
A4
29
58
4A
95
61
99
64
AA
22
82
18
05
19
11
68
A5
9A
A6
55
29
96
65
6A
99
95
96
00
24
65
41
69
88
82
65
81
1A
1A
6A
AA
86
AA
10
A5
65
A6
68
6A
85
55
96
12
1A
A8
5A
09
92
18
09
91
66
65
54
86
99
81
62
8A
4A
26
91
25
00
56
98
06
55
92
A4
8A
A2
A6
56
45
66
99
96
05
A5
14
A5
0A
62
12
A2
69
95
60
90
40
91
96
21
21
95
90
65
84
54
45
01
95
01
02
9A
96
94
50
A0
95
9A
96
8A
A6
66
14
61
AA
69
92
15
88
84
60
4A
4A
91
66
94
A6
95
95
4A
0A
12
28
4A
16
68
85
A5
95
8A
94
69
66
61
95
65
89
A6
44
24
94
A8
92
56
6A
94
11
45
8A
02
62
8A
99
A9
19
A0
54
50
65
92
55
04
A5
AA
80
22
1A
AA
50
99
54
85
66
1A
5A
56
52
11
92
51
A6
65
54
86
15
A6
A5
A9
88
88
65
65
28
08
51
08
69
08
96
85
99
81
A2
80
88
2A
65
41
4A
18
25
80
02
86
46
12
45
A0
94
92
85
94
A5
98
62
15
A0
A0
49
46
56
51
A9
44
A6
86
01
24
05
90
00
55
16
22
51
49
42
80
09
66
28
A9
08
A5
42
64
94
40
A9
92
94
96
09
84
42
21
55
55
A2
94
10
40
59
21
5A
55
0A
22
46
55
19
50
85
5A
69
A9
16
65
98
45
82
81
44
29
58
1A
29
A6
55
AA
94
66
59
A0
89
68
96
18
A9
86
9A
05
90
62
18
61
21
25
00
2A
A6
A6
98
A0
A9
68
19
A2
24
58
11
56
A9
1A
88
0A
AA
98
A4
54
22
65
16
61
64
2A
40
21
49
46
40
95
86
6A
86
5A
52
22
A6
64
28
59
16
8A
A9
69
69
A6
9A
4A
90
90
82
A0
2A
06
88
94
96
45
4A
18
54
61
18
25
A4
01
85
2A
94
48
56
A1
90
02
8A
51
58
A0
64
5A
6A
48
44
19
50
4A
15
A5
09
12
00
20
61
89
68
91
5A
26
A6
22
16
86
55
24
44
16
54
00
A4
6A
5A
84
A4
85
66
21
99
49
15
1A
42
25
91
98
12
09
54
A9
69
66
54
A9
56
42
18
59
65
45
2A
1A
2A
22
11
21
64
11
45
6A
96
95
59
81
91
94
29
95
95
04
41
55
86
59
16
9A
44
91
A0
89
A9
6A
25
45
94
68
98
9A
89
19
55
AA
29
20
49
89
14
65
92
20
10
0A
A9
4A
56
12
51
95
22
10
A5
49
61
A1
48
15
69
28
55
25
AA
94
8A
00
18
49
69
42
14
81
09
42
95
94
2A
48
56
21
60
52
28
19
85
5A
54
26
85
46
68
11
40
09
AA
9A
80
5A
01
24
8A
6A
94
22
40
91
1A
59
65
A4
98
49
19
A4
65
86
28
6A
A2
22
44
A1
A4
48
05
49
10
55
90
41
91
A4
A0
92
20
9A
66
18
86
9A
95
98
61
4A
29
6A
82
04
09
06
9A
90
98
20
86
2A
44
86
51
84
42
68
52
A4
14
59
09
86
24
48
55
25
29
85
A8
62
64
44
2A
86
A6
A9
94
09
80
AA
6A
15
94
66
2A
55
44
1A
26
58
02
09
A5
11
20
22
8A
40
21
46
96
0A
25
14
18
88
59
8A
A4
22
06
19
15
59
05
21
0A
64
A6
61
94
21
4A
22
01
81
59
01
6A
60
16
80
61
A6
9A
05
58
A9
9A
52
91
66
49
94
22
15
A1
14
59
A1
51
AA
6A
09
91
04
04
95
09
96
24
91
6A
56
A4
5A
26
62
49
90
91
0A
80
98
05
66
55
1A
A1
96
84
69
25
9A
16
62
66
A4
29
85
90
05
1A
60
A1
62
64
45
A9
5A
A5
52
09
85
1A
94
45
0A
14
56
16
9A
82
A0
59
A4
26
46
48
50
04
A5
95
AA
A5
6A
5A
01
9A
40
64
A4
4A
84
99
42
84
A1
99
A5
69
26
24
61
86
51
69
89
86
09
96
54
14
18
1A
82
96
40
88
44
19
81
65
28
64
64
25
58
66
48
90
15
24
92
42
A8
60
5A
A4
A9
A6
AA
58
86
49
29
54
08
A8
21
66
14
8A
92
84
A4
58
49
46
A4
AA
01
5A
08
A0
26
52
59
96
08
89
96
81
49
A8
16
19
89
88
56
1A
12
51
48
6A
81
A1
2A
0A
92
28
46
86
A5
99
94
98
40
99
56
48
2A
50
95
58
45
69
16
4A
19
55
11
49
21
A4
00
89
4A
69
A8
AA
61
05
05
91
19
5A
42
16
49
56
98
18
A9
62
90
14
22
58
9A
69
16
A4
50
52
49
68
A1
0A
50
41
20
6A
15
A4
41
A2
52
1A
1A
29
88
56
90
69
5A
A5
92
41
55
01
88
11
0A
A8
20
05
99
15
4A
25
A4
82
59
52
99
54
94
60
64
81
46
69
86
94
15
22
29
26
08
59
9A
4A
A1
99
66
64
82
44
69
46
84
14
98
A2
55
41
48
66
21
19
10
58
2A
10
A6
20
04
10
6A
98
A5
05
22
91
42
16
06
2A
20
26
84
46
11
12
10
11
05
A8
11
60
24
58
A0
A4
09
25
60
61
26
29
28
98
14
89
21
15
15
26
0A
28
94
65
06
25
54
92
1A
5A
AA
A4
29
24
24
04
52
A0
02
61
14
21
60
19
18
80
21
18
55
25
2A
21
98
18
01
45
50
64
28
28
19
2A
98
09
02
44
56
2A
66
A5
A9
A1
29
58
A4
69
29
25
25
19
98
65
15
29
29
12
00
60
62
08
29
11
29
24
15
82
0A
84
11
05
00
05
28
84
92
06
98
15
04
21
4A
14
42
98
22
42
05
A8
60
94
00
94
61
50
09
59
A2
65
16
21
00
1A
15
64
28
24
44
65
05
56
05
99
98
56
46
18
1A
2A
04
65
45
58
58
14
95
01
29
06
01
A5
00
85
15
25
46
59
06
56
4A
9A
18
9A
96
96
15
05
24
61
80
6A
11
A6
1A
21
18
45
22
A6
28
69
25
2A
8A
24
05
44
2A
16
46
2A
2A
05
02
14
00
A2
15
A5
92
20
08
82
92
81
11
92
26
49
A1
89
19
42
06
9A
05
21
59
50
62
26
AA
41
06
4A
05
16
0A
9A
6A
65
00
90
12
05
61
14
01
45
14
A4
10
24
56
99
1A
61
06
19
15
42
52
22
22
20
25
86
08
0A
65
51
25
94
01
01
8A
62
A6
10
22
21
19
25
08
69
20
19
22
28
46
8A
A0
50
69
A8
8A
14
11
95
98
50
05
08
11
49
A6
22
22
05
A8
69
19
62
60
99
15
45
14
91
9A
19
28
94
05
96
58
00
98
02
25
14
95
11
20
51
15
26
65
41
25
06
2A
16
06
86
18
25
11
89
11
68
68
2A

