A1
66
28
50
68
20
A5
A4
92
02
68
91
28
1A
82
5A
AA
52
A8
80
AA
98
80
91
19
85
02
00
82
25
04
50
14
5A
A5
A2
88
5A
29
4A
85
A5
15
41
96
A4
59
A1
02
59
A6
40
08
06
65
26
45
28
A8
A8
86
52
84
82
15
00
45
24
19
65
84
12
49
81
A6
25
92
06
A1
96
A4
8A
11
0A
A9
11
52
52
89
5A
AA
65
01
6A
45
62
12
16
58
49
2A
A1
9A
29
6A
21
04
10
68
4A
A8
11
5A
08
21
65
19
26
A1
2A
85
92
45
5A
84
46
66
42
49
64
82
65
54
82
61
26
A6
5A
1A
A4
05
29
92
28
5A
49
A5
01
65
AA
62
A9
49
18
58
29
61
05
A9
86
0A
16
22
95
80
01
14
A6
89
A4
61
05
A1
89
AA
98
06
89
14
66
68
44
A8
51
19
49
59
99
A6
A5
91
24
A2
49
18
21
50
64
A1
A8
0A
41
00
05
94
A8
88
24
8A
60
24
00
91
19
40
48
85
A2
A0
56
26
54
A8
98
90
40
05
00
04
41
A2
24
12
21
8A
46
48
24
15
49
1A
40
50
80
26
A4
00
90
90
91
88
A4
49
80
44
04
04
2A
24
08
10
44
45
06
4A
92
60
40
59
50
0A
50
A9
21
84
00
02
58
A6
01
40
62
20
81
22
0A
40
04
19
06
05
69
40
02
42
1A
48
54
00
90
42
15
A1
80
02
0A
60
98
69
85
16
22
86
91
64
8A
29
85
60
A9
95
AA
49
16
98
45
06
14
5A
29
85
45
94
8A
55
68
21
A8
04
85
40
60
88
49
96
61
19
04
60
9A
A6
84
96
A4
95
5A
42
91
55
92
05
84
21
92
A0
49
15
9A
10
59
0A
1A
96
1A
96
92
92
04
58
80
95
56
99
94
64
21
24
8A
A1
61
85
45
69
55
89
AA
42
24
56
80
25
61
54
A1
81
65
96
86
86
95
65
12
29
A5
98
68
2A
58
95
A5
9A
02
65
45
96
66
04
51
65
A6
95
A0
66
82
42
99
AA
95
84
42
05
18
26
20
AA
1A
A4
5A
69
09
A1
14
1A
02
0A
54
6A
A8
24
65
54
A5
99
51
11
28
85
1A
06
24
14
44
90
9A
89
49
8A
9A
20
80
A8
98
10
50
02
42
66
A8
18
56
25
16
5A
55
25
66
A8
A9
29
92
54
95
AA
A1
55
AA
42
89
81
52
5A
06
64
10
58
54
55
95
09
81
64
48
99
48
46
62
AA
84
94
00
46
54
15
42
18
24
16
42
62
80
5A
49
21
60
89
A9
98
AA
16
58
5A
AA
A5
55
56
96
6A
49
58
98
16
64
45
59
A9
44
6A
65
15
85
16
61
A9
24
A1
92
22
91
80
05
51
50
20
65
58
94
28
21
42
11
12
28
22
04
2A
5A
08
02
92
90
41
18
00
05
06
61
98
10
60
20
66
22
42
96
26
2A
24
95
01
66
10
65
A0
99
8A
60
19
22
22
04
28
10
01
44
21
50
15
90
AA
40
28
12
24
91
02
12
00
AA
58
A5
15
5A
99
40
50
8A
60
02
62
98
28
84
AA
02
25
28
60
18
66
05
A4
21
90
A1
0A
14
48
24
69
96
51
68
89
A8
59
85
90
15
46
11
A0
A1
45
40
20
29
49
54
85
51
21
41
80
45
4A
15
49
91
94
96
89
88
49
49
08
85
91
A5
9A
4A
41
00
A0
28
58
66
08
26
91
10
4A
68
08
26
11
01
59
AA
84
92
A5
14
24
95
52
AA
51
68
1A
A1
A6
06
9A
56
1A
68
52
04
45
6A
60
6A
85
48
41
9A
51
94
02
45
88
00
64
40
65
69
08
49
88
62
96
66
19
61
98
64
58
0A
05
59
08
66
96
A8
A9
50
42
66
8A
26
24
50
A8
61
8A
A8
99
95
65
82
8A
25
51
4A
65
A0
10
A2
10
01
90
11
65
92
14
44
12
05
54
24
54
54
99
55
A9
16
A0
16
A2
29
25
A4
5A
56
98
12
59
4A
45
80
02
22
01
10
45
06
98
04
A4
05
AA
89
55
5A
81
21
62
4A
89
9A
66
02
05
19
28
41
6A
28
5A
29
A4
15
09
AA
A4
89
19
58
0A
16
02
A5
91
02
58
85
90
2A
41
02
09
9A
06
A4
A9
96
26
12
89
A9
A4
69
98
52
88
6A
A2
89
66
4A
60
25
21
85
52
88
58
52
46
66
16
85
56
6A
15
00
81
56
21
A8
99
68
82
90
8A
19
A5
02
62
94
11
69
61
65
45
15
41
16
91
09
A9
42
58
62
52
15
A5
02
15
48
42
A1
44
05
04
89
06
10
99
29
05
14
90
00
20
29
21
0A
28
80
09
61
02
20
14
24
00
00
52
91
29
26
64
58
26
10
A8
20
80
55
42
A1
09
09
10
96
56
14
22
02
66
98
25
14
8A
14
4A
A5
A9
42
20
5A
05
84
21
24
15
59
95
04
15
A9
49
81
25
08
1A
09
08
02
01
18
54
40
10
06
91
65
12
22
A8
42
44
A9
11
65
68
41
0A
8A
64
25
98
A8
0A
44
15
61
41
45
81
6A
51
85
A0
61
15
65
81
61
A9
81
A4
84
A8
84
A0
A9
61
25
5A
89
A2
86
91
98
24
1A
66
66
85
45
99
92
19
21
A6
A1
41
22
41
26
02
A0
91
91
60
95
A0
22
95
16
54
02
04
91
11
89
0A
15
69
49
00
9A
64
82
68
92
90
52
14
05
15
20
49
99
01
95
6A
50
12
9A
56
55
94
4A
51
25
54
A0
2A
80
42
A5
05
59
60
85
50
59
A6
AA
89
66
58
A6
20
12
55
19
A0
04
44
28
28
16
29
81
4A
59
92
28
96
A9
A0
0A
2A
56
A1
14
14
A8
24
92
64
01
90
A1
46
19
A8
29
88
82
A5
40
21
8A
8A
46
80
80
08
81
82
4A
89
29
01
A2
49
48
01
0A
90
12
08
A9
1A
0A
14
45
6A
86
05
55
64
2A
15
89
04
22
58
A4
AA
59
45
25
18
05
56
55
06
A8
A1
11
A9
A6
18
86
9A
52
84
54
5A
15
64
14
6A
86
42
56
5A
25
88
A8
0A
52
14
14
0A
A0
A5
99
A6
8A
82
5A
15
60
50
9A
59
48
45
01
91
94
A9
86
A0
A0
AA
15
99
82
91
2A
86
54
58
A4
80
A4
95
54
45
8A
55
41
18
45
41
55
15
A2
00
2A
12
09
A8
65
15
A0
A0
22
05
45
02
A4
04
45
02
00
00
80
58
A5
48
86
41
08
94
60
60
11
81
41
10
A2
51
51
09
A9
20
21
95
1A
0A
85
60
40
08
1A
00
02
02
44
58
51
80
0A
08
82
15
15
19
A0
68
84
21
14
08
82
AA
88
46
80
A2
18
22
59
00
42
25
00
14
A1
8A
90
81
59
81
28
49
8A
88
49
01
04
68
90
90
6A
9A
21
0A
40
A5
A8
65
84
A6
66
A4
82
10
15
91
65
48
59
42
9A
1A
56
A6
A4
18
46
45
A8
6A
62
84
89
14
69
68
05
95
12
95
55
6A
2A
59
81
55
60
01
48
00
12
69
48
6A
6A
50
45
61
8A
40
4A
90
68
56
42
A8
64
16
52
16
55
2A
5A
56
61
54
59
6A
01
14
96
5A
56
95
96
84
41
A9
88
99
0A
48
40
18
64
91
29
A6
61
84
5A
18
05
98
8A
A9
40
25
A1
58
45
5A
85
54
86
92
5A
1A
92
A6
69
11
51
69
19
66
94
2A
49
96
9A
A6
A1
06
4A
5A
95
58
48
21
50
29
12
49
06
59
41
96
45
04
21
94
14
A0
52
56
8A
45
06
A5
09
A9
56
AA
05
AA
61
49
84
69
A4
48
99
A4
18
10
86
A6
92
A1
2A
19
19
60
85
51
A5
6A
61
02
16
A4
85
22
5A
85
06
22
89
94
96
96
56
68
16
58
58
45
98
25
94
05
19
55
69
95
06
18
29
56
59
55
66
05
1A
A5
A6
4A
2A
66
62
A5
49
95
A1
66
6A
04
52
09
A4
12
21
85
A2
65
21
11
48
A5
81
A8
60
06
6A
6A
6A
08
16
46
A9
99
2A
56
94
59
16
00
19
99
08
54
42
55
55
8A
94
14
44
84
55
24
08
18
A9
11
60
62
01
82
02
60
48
88
00
85
10
15
12
A6
81
22
44
A5
80
A1
19
22
82
82
89
80
69
22
28
66
8A
88
8A
09
2A
A9
6A
AA
08
18
84
11
80
24
09
02
25
09
6A
A4
28
25
10
02
8A
18
18
80
01
25
90
28
10
22
25
A1
18
42
45
06
2A
80
4A
14
68
98
04
14
06
41
09
01
00
10
0A
09
A4
19
28
89
41
08
1A
0A
1A
26
52
12
05
A4
08
44
6A
60
0A
19
09
8A
99
9A
99
55
94
58
66
A0
44
50
4A
55
00
0A
45
61
A4
26
25
68
65
15
96
92
69
24
52
96
89
55
26
06
60
65
51
89
4A
09
A8
A5
0A
6A
94
9A
48
29
06
56
25
41
A6
25
A9
95
91
94
A0
01
46
25
60
A9
28
29
02
A9
95
66
29
55
62
19
26
06
68
20
A9
28
18
90
16
92
1A
49
06
14
9A
81
98
98
41
24
A1
86
A4
66
18
18
94
84
89
15
9A
05
02
A5
64
46
46
A0
06
89
41
46
04
66
49
06
A5
06
65
65
92
66
16
49
A2
54
90
95
A2
40
20
45
16
02
12
40
12
58
A6
A4
AA
05
66
89
65
55
95
42
2A
52
48
20
60
24
22
A4
20
24
89
4A
92
4A
66
68
98
14
01
61
01
24
24
96
88
A6
40
99
50
55
50
A9
1A
49
08
5A
6A
94
55
24
16
62
12
50
AA
A0
54
68
54
09
86
56
56
69
1A
16
10
54
A6
A0
0A
52
98
A2
44
18
41
A1
4A
99
92
94
06
45
A5
96
99
16
42
21
A8
A6
9A
86
86
1A
A9
96
41
1A
95
52
99
91
16
1A
A4
58
A1
24
56
85
09
0A
66
2A
21
9A
55
66
65
4A
22
84
52
20
66
64
AA
62
A2
AA
2A
29
65
62
20
40
94
89
2A
51
06
02
40
51
40
69
82
81
64
44
22
A1
82
05
49
11
42
04
06
98
49
01
41
58
12
A4
12
49
A4
10
80
40
A6
44
5A
AA
06
00
00
65
14
44
A8
80
60
A0
68
A0
08
00
64
54
00
94
22
28
60
04
49
66
45
56
48
01
14
80
08
01
11
05
14
01
85
8A
01
60
45
82
24
A2
68
2A
94
A4
11
A0
28
09
02
01
A9
18
16
25
A1
69
82
00
15
55
91
20
56
80
98
89
66
4A
44
56
5A
45
48
85
59
80
64
05
69
0A
52
A4
54
65
91
82
84
61
16
92
A9
92
62
51
09
8A
92
51
04
81
A4
90
8A
48
86
95
04
59
41
85
21
48
99
5A
89
62
66
98
56
05
98
2A
24
8A
98
A8
84
65
59
59
94
89
80
88
52
46
2A
55
56
45
81
6A
24
00
25

