61
2A
11
95
60
22
41
AA
A2
69
05
54
88
45
45
40
54
09
69
40
69
52
28
56
9A
28
52
69
42
55
45
81
86
82
90
6A
16
86
91
9A
16
86
9A
01
49
68
55
86
89
06
29
26
81
04
22
04
82
82
A2
AA
62
95
42
88
A5
A9
24
A2
40
21
64
22
94
48
25
4A
41
51
21
05
1A
18
65
65
92
A9
81
15
0A
56
69
81
69
01
65
25
58
82
A4
24
AA
41
29
09
60
88
65
45
A5
08
5A
68
00
59
55
A1
4A
60
6A
86
1A
28
54
49
25
01
2A
A9
69
54
41
96
96
8A
A5
69
81
A4
65
9A
82
1A
61
65
1A
51
20
A1
A5
5A
50
66
AA
9A
16
08
19
A5
A9
6A
68
A9
52
46
69
05
86
49
65
64
86
68
46
80
9A
98
A6
11
9A
94
81
45
26
A6
50
55
49
16
1A
9A
21
88
A1
09
22
19
4A
40
11
82
42
0A
64
44
00
50
18
65
19
00
60
91
01
02
8A
52
91
50
49
44
1A
65
09
0A
44
96
40
98
42
96
04
A1
21
11
0A
20
15
80
95
50
66
01
94
65
68
8A
24
28
84
04
05
92
18
82
81
46
04
16
A8
44
11
9A
09
84
51
85
50
59
62
40
66
02
08
45
22
69
49
01
96
42
66
44
54
22
81
82
25
04
24
40
05
85
59
5A
05
84
94
16
01
90
68
54
A9
A9
61
52
64
A6
98
11
A5
94
09
18
54
29
65
5A
18
15
16
18
56
98
51
A9
69
95
9A
A6
12
05
69
A5
21
49
15
60
29
66
16
A5
26
58
06
9A
98
95
42
40
92
11
95
14
6A
58
AA
91
80
82
5A
29
50
A5
1A
48
0A
99
80
15
9A
21
82
84
95
86
65
92
86
82
1A
84
19
82
81
26
09
12
55
65
66
65
16
02
9A
69
62
A9
51
A1
8A
26
60
22
50
04
60
85
26
45
81
40
2A
40
02
99
A1
02
A4
A9
89
9A
51
80
89
A5
86
66
99
81
41
A9
48
16
02
00
46
16
44
55
22
95
69
A6
99
9A
05
01
24
81
80
25
89
28
24
A9
24
A9
AA
45
41
98
6A
9A
99
56
65
41
85
45
0A
54
89
58
22
1A
40
40
55
69
81
96
A1
25
86
44
A8
26
88
66
20
64
05
14
66
44
9A
98
09
4A
85
45
12
86
02
8A
06
A8
46
54
54
09
62
45
62
09
A0
A1
52
86
68
A2
66
80
99
98
55
45
22
AA
54
65
19
60
66
86
48
05
8A
42
99
04
44
89
05
50
A8
46
65
A5
82
AA
56
65
86
21
96
84
05
5A
96
65
51
80
50
44
A2
A9
61
52
40
95
A6
80
51
A1
54
A6
A5
12
08
69
22
16
40
86
22
50
A9
41
21
64
A9
25
01
60
0A
04
6A
A0
40
29
1A
40
98
2A
06
00
48
80
18
8A
80
81
48
28
64
85
28
05
41
8A
10
4A
28
16
80
42
42
04
01
00
89
40
00
05
88
40
0A
45
82
08
0A
44
46
91
14
88
91
AA
41
14
16
25
00
90
88
95
0A
54
A2
9A
A1
25
00
86
02
42
61
A1
42
15
65
4A
08
28
22
02
5A
29
12
9A
1A
55
55
81
56
86
9A
44
A8
85
A0
55
42
A0
18
46
55
09
54
1A
56
09
08
98
28
8A
22
6A
66
41
25
56
88
59
46
56
66
92
88
16
90
A4
60
16
09
A4
98
94
9A
92
A9
9A
A6
62
99
45
21
A8
11
59
60
AA
60
60
51
A5
92
5A
61
56
29
5A
A8
66
82
91
94
82
51
80
04
51
A4
56
61
A9
45
9A
02
04
A5
10
81
28
94
28
06
56
00
56
16
64
48
62
20
14
A2
22
AA
4A
60
26
65
12
99
56
80
65
10
41
55
29
49
51
96
99
61
59
65
0A
11
19
A2
15
98
58
40
05
01
10
90
62
62
68
82
A8
86
11
2A
A0
91
21
88
AA
A6
68
42
A5
59
08
05
22
48
5A
26
A5
61
AA
66
A2
29
9A
0A
84
A0
1A
06
25
86
1A
65
64
A8
52
14
25
54
98
45
88
99
1A
26
9A
88
42
AA
AA
A5
69
18
8A
2A
06
69
59
00
51
04
58
16
96
AA
68
66
80
42
19
18
54
52
12
54
48
42
51
41
69
00
AA
59
44
A6
AA
06
4A
06
61
A9
54
08
19
18
8A
16
14
45
A6
59
62
52
A8
51
42
12
92
45
1A
61
25
5A
82
26
89
65
29
26
86
A1
69
09
A6
1A
61
05
49
62
59
86
54
51
11
A1
80
00
09
A0
49
51
81
11
A2
21
2A
28
22
42
28
45
51
01
41
4A
42
A5
95
41
06
A8
60
08
80
06
60
41
41
20
42
10
05
10
16
82
69
64
81
10
92
45
86
88
19
AA
65
90
01
00
09
21
6A
54
19
45
91
49
40
44
41
55
28
06
96
90
84
14
96
86
60
AA
41
51
46
19
44
50
65
55
0A
21
49
99
94
82
56
65
88
29
52
95
1A
88
82
04
2A
69
90
98
80
9A
05
69
90
16
88
9A
44
A2
16
16
81
96
84
88
28
91
A9
01
51
A5
09
9A
A6
26
A2
A5
9A
05
22
68
16
26
90
64
AA
18
90
91
90
46
A5
81
06
2A
91
48
91
44
10
94
AA
06
54
81
46
62
A0
58
14
A6
42
01
15
46
96
29
8A
15
8A
21
21
24
51
90
86
69
99
95
9A
6A
11
65
A0
06
5A
82
20
21
45
96
24
56
50
19
86
60
19
50
55
64
91
5A
92
01
A8
48
A1
15
59
89
89
88
54
58
84
98
81
82
82
82
61
A1
9A
92
A9
5A
55
55
A6
58
22
51
A6
02
2A
24
44
A1
21
88
25
0A
82
65
19
24
02
46
51
28
91
69
1A
8A
94
19
92
44
A5
99
A8
86
15
4A
42
82
48
49
58
96
41
14
84
81
25
58
49
29
20
86
55
22
51
9A
59
81
5A
04
40
11
1A
46
60
86
46
85
51
5A
28
49
29
92
A9
A8
62
61
46
65
49
46
59
40
06
0A
A9
55
84
16
98
59
88
9A
86
46
51
4A
96
01
65
04
04
48
A5
94
A6
56
A8
59
64
85
AA
68
58
89
4A
04
08
12
48
55
05
1A
5A
A5
05
01
6A
48
10
26
A1
65
56
A6
89
99
95
60
96
A8
A4
55
A9
55
9A
85
12
A2
40
10
65
45
24
09
44
40
91
98
08
98
A1
28
44
14
41
24
00
06
90
01
11
18
A6
11
04
45
98
48
90
8A
0A
40
22
54
00
80
82
40
08
10
5A
0A
60
1A
51
61
A1
01
05
06
64
5A
08
6A
A4
51
01
11
09
85
8A
40
60
A2
05
9A
64
98
51
85
50
82
89
01
A1
00
54
25
94
18
68
21
44
18
22
62
A0
4A
95
A0
11
44
85
98
21
14
69
21
A6
56
5A
00
1A
21
64
64
19
6A
28
A0
15
16
96
60
66
10
A6
61
54
05
12
A4
08
A6
AA
59
45
42
98
94
98
98
58
54
14
69
46
50
26
18
1A
A5
89
A4
69
41
AA
29
66
81
00
94
9A
9A
10
58
99
12
51
11
A4
A9
61
95
AA
A8
86
10
55
12
46
25
15
81
52
A0
00
64
58
9A
51
96
52
54
9A
41
01
24
41
00
98
00
46
24
86
20
94
02
0A
96
29
99
48
94
66
62
45
A4
54
24
84
29
94
52
16
2A
A5
6A
4A
28
61
8A
82
90
A1
2A
62
88
26
19
99
02
14
10
20
11
08
22
AA
65
11
05
80
98
65
08
52
91
58
A1
45
A2
08
4A
09
98
60
40
A5
08
85
96
A8
A1
61
54
80
98
96
28
90
A0
00
5A
95
11
60
80
A6
55
00
10
22
29
19
60
91
04
16
51
95
8A
A6
55
06
90
25
45
14
9A
A6
22
A6
82
28
0A
59
26
4A
86
16
9A
A0
24
A4
A0
46
64
98
06
84
85
58
95
41
28
25
90
92
24
66
11
19
11
14
40
85
66
A2
62
01
06
A2
21
59
68
59
6A
85
94
59
A6
91
A9
12
60
99
12
10
96
54
81
16
66
4A
95
02
64
26
9A
49
80
69
64
58
99
48
98
08
29
02
05
18
AA
95
02
00
8A
A2
85
40
15
90
44
8A
A1
62
06
A5
46
58
40
55
68
29
50
22
08
A1
65
4A
96
42
20
59
06
05
95
0A
68
14
21
86
08
01
42
81
14
80
08
5A
91
01
40
85
50
81
A2
54
A8
08
08
82
10
A4
51
91
2A
18
62
08
4A
00
00
25
40
9A
06
12
55
94
20
42
10
09
82
11
26
01
94
48
14
88
02
21
49
95
86
50
88
45
26
59
20
65
41
99
98
66
90
45
AA
55
88
86
A9
89
09
22
A5
05
85
16
02
94
58
A4
04
80
A4
92
81
06
45
58
42
89
80
82
94
89
40
AA
01
40
00
82
92
69
49
5A
95
92
52
51
56
89
95
65
59
59
69
64
94
49
49
9A
56
4A
09
4A
48
95
06
96
69
0A
4A
65
89
42
42
04
1A
9A
58
96
51
16
98
A0
45
A4
A2
82
86
8A
84
85
51
96
88
45
A4
48
55
A6
81
92
A2
A5
A2
59
55
85
48
AA
61
82
48
86
59
58
48
51
59
51
A6
49
11
54
59
81
55
5A
A9
59
A6
58
85
50
52
42
88
A6
58
81
A8
40
49
48
8A
A9
A2
54
80
68
5A
58
A2
49
46
A2
96
A0
AA
A8
A6
50
45
A6
AA
84
55
A6
51
A6
50
A5
A6
52
A2
A2
A6
A4
A8
58
50
59
58
A2
45
A9
52
96
A5
A6
A9
40
A8
A0
59
55
A4
A6
61
A6
85
68
66
59
A6
56
8A
96
96
AA
A6
A0
94
59
51
52
A6
A2
A0
59
21
5A
55
55
A2
A6
55
55
A2
A0
51
A0
A1
A4
61
51
59
59
51
AA
8A
59
50
82
5A
AA
A9
A9
56
A2
AA
AA
A2
A0
82
A5
98
A4
A0
AA
59
51
A2
A0
59
51
A5
A6
A4
59
61
59
A6
19
AA
55
59
50
51
A4
66
90
A0
50
61
62
51
A0
88
A4
51
28
A5
A2
51
94
40
55
86
95
54
48
55
84
A2
90
80
28
A2
50
51
55
A2
A6
A6
41
81
10
A0
15
65
A1
68
86
59
A6
A2
84
A4
81
51
48
65
85
51
A9
82
A0
52
68
50
48
A2
58
60
56
09
58
68
A2
6A
A0
82
50
92
52
55
A2
5A
59
50
41
19
A2
64
00
80
59
A4
24
54
AA
95
68
40
88
A6
51
58
45
A6
64
82
55
8A
12
A4
9A
85
55
40
A6
80
59
AA
A8
A4
A6
A4
9A
52
64
45
40
59
50
A6
A6
AA
AA
55
58
55
82
81
A2
AA
5A
55
44
96
61
AA
A6
41
40
55
51
8A
51
58
A8
46
A6
16
A0
49
59
69
AA
84
59
55
A4
58
59
9A
69
94
A6
59
88
58
A6
58
19
89
51
26
58
59
A6
51
A1
A9
59

