65
96
5A
A6
54
5A
11
88
56
92
98
A6
92
A5
99
84
10
9A
61
A8
51
55
26
50
98
19
9A
95
51
10
55
28
66
A0
04
20
2A
5A
8A
81
09
40
60
41
10
69
60
81
94
09
A1
26
51
12
50
4A
01
20
26
92
95
28
86
6A
60
46
65
16
94
20
68
65
42
91
A4
25
0A
50
06
81
66
19
94
66
A6
61
52
49
88
58
92
99
85
9A
29
05
40
92
91
85
16
A4
22
86
42
85
9A
45
89
50
46
AA
65
49
49
59
58
9A
21
80
88
55
91
A6
1A
95
19
89
89
00
0A
26
86
95
9A
56
54
10
4A
62
16
25
1A
41
62
89
92
95
A1
66
A2
12
65
11
48
44
25
12
26
A1
99
51
52
29
48
99
A5
A9
45
99
82
86
AA
65
66
96
26
19
59
99
AA
12
65
60
04
A8
91
5A
49
64
A5
A2
95
A6
91
5A
50
9A
A6
59
18
86
25
9A
45
64
88
99
20
06
49
14
95
69
90
49
90
A8
64
45
A6
94
A4
05
29
66
52
95
A5
A1
24
8A
A1
28
29
09
A2
81
A2
4A
82
54
65
28
58
42
51
6A
AA
54
91
92
99
46
9A
A9
24
25
48
AA
96
59
49
52
29
64
28
1A
66
46
A6
A9
A1
85
86
A4
62
85
24
01
24
66
59
15
54
6A
90
51
69
50
4A
AA
45
92
29
49
65
54
90
45
25
06
90
9A
A8
1A
28
88
01
55
1A
06
51
A9
2A
A6
AA
91
04
60
26
92
11
08
5A
65
89
4A
5A
16
46
26
68
6A
69
2A
52
A4
AA
99
58
52
66
98
88
44
A6
15
40
91
45
20
9A
5A
10
5A
A1
54
59
58
94
69
42
85
A1
96
A0
41
20
09
2A
18
45
A1
52
19
61
AA
A9
22
55
A0
0A
10
55
12
2A
48
86
85
A6
A4
56
69
29
62
09
41
6A
85
55
A1
52
A2
85
56
46
44
40
49
48
28
A5
A6
0A
65
92
80
1A
16
42
01
AA
62
A5
12
60
22
62
9A
20
61
A0
92
2A
84
62
61
95
84
1A
22
62
59
82
49
21
51
AA
88
26
5A
8A
81
16
54
56
9A
42
82
66
84
A1
09
5A
40
99
11
55
80
1A
5A
A1
68
A1
85
A5
91
2A
15
5A
65
5A
65
56
14
05
46
29
A1
04
60
9A
46
18
92
66
68
02
65
69
89
60
49
15
98
66
A6
96
AA
62
90
A9
92
99
92
66
06
21
18
28
09
05
91
64
A8
99
99
82
1A
0A
45
92
AA
4A
8A
22
56
61
15
56
42
15
96
45
65
61
96
91
90
02
96
29
26
A2
56
99
55
64
59
0A
62
56
48
59
56
55
29
6A
52
05
A1
68
99
92
A8
09
50
59
68
A9
40
81
95
10
95
A1
8A
95
15
14
44
45
56
20
A9
0A
60
81
91
82
59
66
66
5A
A5
18
66
61
91
A6
89
A1
AA
2A
92
96
08
55
A0
80
6A
65
89
66
29
01
56
A1
99
A6
52
22
28
22
02
46
66
95
54
A5
1A
45
A5
56
59
85
49
0A
49
A6
58
89
55
6A
98
81
42
91
48
26
69
AA
95
51
A2
A6
89
9A
59
61
A8
21
91
62
80
80
A8
59
66
29
96
96
44
4A
22
61
26
06
A1
A1
51
96
95
10
92
59
22
A6
20
0A
95
65
62
1A
96
56
68
AA
94
8A
29
66
56
92
11
95
68
48
65
6A
A1
90
90
2A
A1
AA
91
18
A4
5A
8A
A8
96
9A
80
49
6A
A6
52
65
50
22
06
52
A5
55
56
69
9A
54
92
4A
66
AA
54
6A
42
90
55
58
1A
92
05
42
56
58
26
59
A6
60
50
A9
59
16
49
02
66
9A
29
A0
AA
99
A6
89
08
92
AA
46
1A
11
99
81
8A
55
52
5A
69
49
45
65
88
1A
96
5A
95
95
8A
A0
06
99
44
44
50
05
26
A2
48
56
29
AA
25
54
84
45
26
A8
48
12
51
10
6A
12
A9
AA
55
99
91
95
92
65
2A
94
1A
1A
A2
09
A5
A8
81
6A
48
15
55
69
AA
96
59
40
56
59
28
56
89
A5
A9
52
95
69
A1
69
91
9A
8A
58
2A
6A
15
A6
04
A9
44
62
29
51
5A
28
A1
9A
80
42
08
49
A6
A1
08
16
52
98
69
62
00
56
68
85
A9
45
99
8A
59
46
A1
AA
1A
09
52
45
51
2A
51
54
1A
55
40
0A
15
89
09
A2
95
09
99
99
8A
48
45
01
06
45
A6
9A
29
69
55
26
81
90
A0
A4
61
62
64
65
2A
44
95
96
99
5A
16
19
55
16
90
92
4A
A1
4A
A6
9A
55
59
60
A1
29
19
26
4A
A6
A6
91
95
45
5A
65
28
95
55
14
82
62
64
51
A1
19
2A
99
28
99
65
46
19
68
18
16
84
5A
58
00
A5
66
64
58
AA
A9
29
45
4A
A9
05
98
52
91
6A
16
28
85
2A
46
8A
59
12
9A
94
82
6A
AA
12
A8
94
59
95
54
61
A5
16
64
2A
92
5A
59
19
15
99
16
55
AA
91
46
61
15
80
80
6A
A9
A5
19
41
68
20
86
02
99
5A
25
A0
A1
22
A1
42
42
05
25
12
05
54
69
55
A2
15
90
A6
28
61
69
46
8A
52
80
25
A1
19
68
6A
11
A2
26
2A
54
51
A2
98
A6
A9
56
19
01
6A
45
49
92
41
60
66
10
82
65
A4
29
98
A6
2A
21
22
89
A4
89
06
15
61
95
4A
65
84
16
A9
89
98
05
9A
49
A4
2A
15
00
65
19
61
19
54
04
A6
A6
0A
21
98
68
96
12
A5
94
09
86
65
A9
9A
49
26
14
18
62
6A
12
82
89
A4
51
21
60
12
46
04
46
AA
0A
41
59
08
21
21
25
06
14
96
88
5A
99
12
48
88
41
46
19
26
65
55
09
08
48
82
49
02
69
56
A8
99
1A
66
96
29
66
A6
29
06
98
65
58
95
40
6A
15
42
96
01
09
19
45
20
26
29
48
00
91
A5
AA
A5
42
8A
A5
6A
98
A8
50
96
AA
A8
A0
56
A9
42
1A
59
A0
82
00
89
10
50
01
A6
84
59
A6
11
2A
2A
56
65
A9
94
84
84
91
62
56
A6
29
9A
90
98
89
65
A4
94
21
25
12
95
9A
68
1A
A8
65
25
6A
1A
19
26
99
9A
A2
2A
96
28
5A
95
18
95
58
94
84
58
90
51
56
A2
25
88
16
12
62
45
68
22
55
4A
28
11
99
95
01
89
11
55
56
95
59
95
A5
49
14
29
21
65
AA
96
44
28
82
99
91
05
94
65
14
98
A8
9A
90
15
99
28
4A
64
10
86
88
98
99
64
64
55
AA
6A
96
89
10
54
AA
A5
86
05
55
6A
11
A9
11
01
5A
24
59
81
62
59
40
59
A4
80
A2
51
A8
91
58
98
16
50
08
A9
95
95
92
96
44
05
9A
62
50
84
A4
64
5A
55
05
62
9A
00
A6
29
11
01
42
42
1A
A1
8A
19
18
46
49
86
40
A6
0A
91
51
80
4A
62
99
44
25
22
8A
66
51
24
26
86
AA
25
42
29
44
59
4A
1A
85
65
25
65
99
88
88
94
45
69
A1
46
66
82
11
15
81
A8
88
12
64
55
AA
64
88
A8
A0
98
98
41
26
48
66
59
64
16
98
69
A2
64
65
58
55
50
64
65
18
6A
6A
62
92
98
02
16
6A
99
29
16
95
60
2A
41
65
2A
09
A9
95
A9
A6
9A
89
A6
55
51
A2
45
01
46
59
54
2A
11
A0
24
A6
56
04
68
89
26
82
A6
61
42
A6
65
22
A1
44
59
A1
95
62
29
0A
68
94
94
A4
A9
52
A0
88
18
51
26
91
A5
A4
16
2A
A0
04
A1
65
05
06
4A
14
99
A2
48
A0
A9
94
41
25
18
90
46
90
59
45
06
18
10
69
41
65
18
82
A1
92
14
66
2A
89
94
09
A0
89
4A
69
5A
15
92
52
15
A5
44
22
46
96
96
28
82
18
19
AA
85
91
61
98
95
61
A5
56
02
86
48
51
49
A8
06
45
19
19
84
81
91
19
24
92
18
11
AA
51
25
98
69
95
46
06
48
AA
42
58
69
92
1A
88
25
59
10
25
15
22
45
69
0A
88
A6
20
49
60
89
26
55
64
69
56
99
44
51
45
A1
52
16
A9
54
12
41
99
95
00
9A
25
49
02
94
89
65
26
45
64
6A
5A
A6
44
1A
41
96
24
21
85
24
60
00
04
95
AA
8A
46
66
15
19
84
8A
11
66
26
26
59
98
11
99
69
A2
8A
95
6A
2A
A5
9A
66
45
82
00
44
01
88
19
59
24
24
26
A1
46
A6
22
96
95
22
60
A0
19
51
61
84
29
92
95
51
8A
88
92
96
A1
09
A9
15
51
02
2A
51
42
86
42
49
A8
54
29
88
16
62
02
10
08
85
65
A4
2A
52
99
44
46
26
01
A1
48
04
A5
A8
18
AA
2A
2A
19
86
19
96
5A
55
6A
89
28
1A
81
05
24
A8
86
A9
A1
A6
96
91
52
84
8A
98
92
68
52
65
81
65
AA
19
49
2A
40
68
95
9A
66
48
A9
69
81
66
59
01
06
1A
59
20
25
50
50
66
58
89
08
80
11
22
46
09
49
A4
49
99
65
42
94
08
41
A9
98
90
40
88
65
A8
22
48
6A
A0
62
86
61
A5
A9
91
49
00
A9
15
A9
94
86
14
22
48
61
48
6A
A1
50
64
48
95
6A
86
81
55
60
A0
24
A6
A5
88
95
49
18
48
56
09
19
46
45
29
98
46
A9
12
55
12
A4
96
A6
05
84
4A
51
49
81
06
15
44
8A
A1
66
99
85
15
59
98
8A
50
9A
A8
46
55
28
A8
09
A6
59
66
86
49
99
5A
15
A9
A2
12
AA
16
89
51
8A
68
19
41
25
22
28
56
10
11
A9
08
99
16
95
80
46
24
92
5A
01
50
A1
A5
54
56
58
48
21
65
88
48
66
9A
25
56
11
60
66
AA
A2
5A
58
95
05
82
1A
8A
29
54
05
61
A1
9A
4A
28
08
54
A6
08
89
85
81
12
08
54
65
02
46
26
02
44
AA
0A
24
09
12
58
26
15
1A
95
24
12
12
54
A4
86
16
94
59
2A
68
59
A2
16
5A
69
64
14
21
6A
86
14
96
4A
11
25
66
A6
5A
56
59
24
10
41
A0
98
A5
1A
92
55
16
99
94
98
55
12
16
22
18
65
05
19
01
52
46
99
51
46
66
A1
56
49
66
99
98
99
04
21
65
A8
42
A9
49
42
A4
98
98
A1
89
45
99
29
46
21
60
04
8A
64
56
92
0A
69
9A
8A
54
69
61
11
A6
94
44
68
9A
A6
6A
4A
4A
58
42
06
26
29
80
64
9A
08
08
A5
54
59
62
89
92
12
6A
56
58
A4
28
60
A0
40
24
91
A2
69
59
25
48
58
05
68
84
82
6A
05
18
96
86
52
04
65
42
A0
49
46
55
98
A6
62
52
18
50
65
A4
18
98
8A
91
A4
A8
AA
86
86
68
46
42
01
64
A6
81
84
45

