94
08
95
08
82
54
8A
91
90
12
86
50
91
96
08
48
A9
96
98
45
45
95
61
46
A2
95
49
44
89
A6
9A
A6
25
A9
5A
29
19
46
56
A2
A4
02
65
AA
50
89
A2
14
45
21
90
41
05
86
01
90
20
96
02
6A
65
45
69
A8
55
21
95
99
62
40
90
96
A8
50
29
A2
A5
6A
A0
A8
84
A4
2A
49
6A
40
66
60
A1
81
10
04
A1
21
99
58
09
44
2A
AA
6A
14
29
52
59
24
19
8A
A8
42
56
19
19
40
16
AA
19
95
66
61
48
59
06
10
14
99
49
2A
92
29
86
A8
6A
98
A8
51
5A
A6
6A
51
00
95
05
55
6A
AA
25
06
AA
12
89
44
4A
88
25
59
86
21
96
A4
99
5A
84
59
85
19
69
11
41
10
95
88
15
59
16
25
12
5A
16
2A
AA
08
15
51
26
54
49
55
25
02
22
56
91
26
66
11
29
08
46
24
19
9A
A4
89
20
19
51
A4
15
96
86
4A
41
85
59
45
40
A1
5A
29
40
81
92
60
64
91
45
40
40
0A
02
42
20
91
15
04
10
10
62
21
06
48
42
01
89
81
40
11
05
61
01
24
50
91
59
80
21
18
21
05
A2
66
18
60
0A
60
18
58
A8
81
99
28
86
12
24
2A
0A
61
04
46
05
22
00
2A
54
91
11
85
29
06
9A
48
85
10
21
15
02
56
4A
A6
04
49
89
60
09
44
82
20
A0
42
56
46
65
18
69
96
28
16
80
4A
69
55
80
68
56
55
26
61
25
45
10
55
22
94
95
95
10
88
90
58
A2
10
26
09
A0
16
92
69
69
01
68
66
48
49
56
46
15
86
18
99
16
92
12
A5
A2
40
95
62
62
8A
A9
A9
26
55
16
15
25
19
0A
6A
95
69
55
40
12
51
A2
54
44
18
25
69
05
A9
84
18
15
A5
68
41
86
68
64
6A
85
66
49
95
91
98
02
80
A2
86
A8
96
21
2A
80
05
59
18
52
69
91
16
96
09
5A
44
86
09
91
66
12
52
44
24
11
02
55
45
18
58
41
AA
80
85
59
26
01
02
59
89
20
21
15
68
06
85
6A
6A
4A
56
62
00
44
00
12
49
62
14
54
55
A0
2A
95
A9
15
29
64
4A
98
49
29
8A
29
21
60
98
86
51
48
11
21
11
46
04
86
41
59
6A
41
69
48
84
59
91
62
66
55
04
AA
61
56
28
82
5A
A6
59
14
A9
A1
0A
49
56
69
A5
69
89
02
1A
9A
45
65
04
90
90
12
84
6A
46
18
A0
49
04
56
11
05
68
50
86
28
88
65
40
66
49
66
24
A6
96
82
86
84
69
18
52
09
99
64
12
16
A9
05
5A
56
A1
01
60
A5
00
08
01
42
01
2A
96
94
62
25
84
08
85
25
85
58
49
25
68
58
66
9A
A2
24
20
89
44
50
40
16
01
18
26
05
65
55
0A
46
50
0A
02
98
22
8A
18
01
02
22
56
44
65
58
45
5A
48
08
66
50
50
16
A9
51
0A
92
98
10
86
A6
50
90
00
02
61
62
82
98
10
11
95
11
05
04
98
48
41
90
21
14
00
85
50
05
20
12
05
49
A9
42
99
14
89
82
92
A8
AA
28
9A
8A
15
05
16
91
48
68
81
56
AA
9A
14
98
95
24
5A
52
08
24
A6
82
A0
01
69
98
41
86
51
15
58
94
28
16
21
9A
22
09
41
64
69
99
55
91
61
11
A9
A9
50
02
1A
64
45
A5
82
69
50
A6
A0
95
96
05
44
58
26
65
A6
96
88
99
69
6A
96
05
6A
49
8A
A1
55
A9
2A
A8
88
64
91
99
88
68
A0
98
84
00
59
90
94
5A
11
22
40
96
15
28
50
49
5A
10
69
18
56
69
A2
01
61
11
A5
99
41
65
06
A1
1A
5A
94
96
12
2A
81
91
05
98
66
8A
64
05
06
A6
A8
44
22
2A
16
88
91
A6
00
51
04
A5
40
48
6A
59
08
96
AA
82
5A
A8
69
05
2A
66
58
86
2A
56
85
68
40
4A
29
51
6A
41
25
20
64
A2
26
55
69
94
A4
08
A2
14
A6
06
6A
98
A6
69
20
1A
65
99
22
25
56
A2
62
A4
A5
95
9A
6A
99
2A
96
59
A6
10
84
64
65
91
26
A4
A5
46
09
60
0A
16
A0
04
09
81
20
41
98
4A
12
69
09
56
00
A8
66
81
85
16
A4
8A
51
60
81
56
42
99
4A
1A
59
98
45
46
A6
69
A4
94
10
16
20
2A
66
55
9A
21
91
5A
18
55
6A
A8
04
45
84
12
00
22
51
8A
14
80
12
46
01
88
60
50
54
69
80
18
69
88
59
82
69
20
48
08
0A
46
60
42
66
00
60
80
10
12
40
24
14
54
06
88
89
A4
10
84
12
96
AA
88
41
22
6A
10
12
84
A1
51
01
82
02
4A
59
58
25
A0
85
A2
62
42
12
96
A0
04
04
92
08
08
A4
5A
45
12
84
41
80
65
02
00
1A
65
41
44
00
85
88
0A
12
64
5A
01
14
04
24
42
65
62
95
59
A5
59
94
08
92
41
9A
62
26
59
5A
54
55
29
82
98
49
29
01
08
62
66
6A
19
28
95
A5
16
06
96
48
85
9A
A1
A2
12
22
56
8A
A5
60
44
62
89
1A
89
50
94
91
A9
02
18
91
62
48
98
15
94
25
65
62
A5
AA
20
45
84
21
16
91
9A
94
68
A1
26
68
08
44
41
66
9A
61
92
86
01
01
86
56
8A
16
90
48
26
82
8A
69
94
61
85
8A
98
A6
A2
9A
61
A4
11
18
98
89
65
14
66
4A
10
81
85
61
42
41
81
51
25
64
64
18
61
5A
2A
A0
56
A9
56
A9
29
A5
29
54
09
82
5A
58
94
61
02
90
48
19
5A
98
66
A9
51
0A
01
64
25
1A
49
A4
62
98
48
85
64
52
84
A8
49
01
49
9A
24
98
54
68
52
4A
64
08
52
08
41
61
55
80
48
49
AA
58
55
2A
AA
1A
84
50
46
88
88
6A
A0
82
60
01
90
86
04
A9
51
55
9A
88
A2
01
99
A0
A5
91
25
95
59
10
0A
94
01
65
45
94
12
6A
98
25
49
29
9A
41
99
45
8A
96
44
A9
85
A9
85
52
0A
19
09
88
A4
40
09
52
84
80
49
82
84
86
16
A8
14
A9
88
40
68
16
4A
55
65
65
64
86
42
28
58
89
9A
94
48
65
88
01
50
14
08
88
45
40
28
60
40
68
28
64
A8
24
58
82
1A
A4
08
90
45
18
26
82
08
69
46
04
00
08
A2
84
0A
9A
05
80
94
04
92
52
88
48
50
A5
2A
A1
A5
80
A2
54
60
20
24
A4
04
91
64
10
82
61
08
00
48
A1
10
10
25
2A
84
01
14
40
82
10
60
A1
11
50
14
46
4A
14
A8
28
88
A0
61
65
4A
61
55
99
A4
20
49
92
00
8A
01
08
4A
54
6A
46
91
A4
A0
26
81
5A
49
19
5A
52
62
84
6A
16
8A
28
92
25
A9
91
96
45
A2
86
62
62
46
44
25
61
92
64
46
58
68
12
A5
40
A9
62
96
44
A2
16
64
58
12
00
88
24
A1
8A
0A
28
89
92
2A
51
92
62
06
94
19
62
12
69
92
5A
66
12
84
69
46
88
54
98
85
54
19
16
18
92
0A
0A
AA
88
91
06
AA
59
1A
A2
12
A5
96
25
AA
A9
11
50
5A
86
A6
08
A1
45
4A
92
80
49
11
AA
52
66
29
21
54
10
96
21
95
A2
99
58
06
16
10
20
06
2A
50
92
40
18
00
8A
42
25
55
92
19
04
45
91
92
60
05
90
49
8A
0A
58
A5
86
90
99
86
86
A5
55
05
A8
45
09
49
A1
46
2A
26
9A
46
56
9A
AA
9A
02
29
64
8A
48
26
21
08
82
58
19
0A
1A
05
19
99
62
49
96
60
98
15
A4
0A
A4
69
60
45
1A
8A
A4
24
0A
5A
98
2A
A0
94
58
22
24
56
11
10
16
A6
6A
2A
A5
41
49
6A
56
80
50
2A
66
09
92
81
99
88
42
A6
A6
05
95
64
65
19
25
55
16
95
45
99
98
48
18
94
9A
14
22
16
62
54
98
A8
95
62
69
85
44
05
65
51
A4
60
A2
82
98
41
40
5A
02
20
20
A0
1A
4A
11
61
90
51
42
08
41
64
08
40
14
18
84
2A
18
40
62
40
9A
11
02
04
A2
90
95
94
29
41
29
68
12
A9
04
61
24
A6
58
16
88
41
18
41
A4
01
59
60
08
84
9A
88
A6
10
40
95
00
42
25
04
04
A2
84
62
00
8A
82
54
15
10
22
46
90
95
28
94
14
91
5A
85
95
A5
95
A0
40
A1
6A
2A
64
4A
12
80
A6
41
54
69
A5
59
8A
40
51
85
99
54
60
55
26
64
60
95
52
59
00
8A
24
88
82
6A
64
66
5A
45
48
A2
45
51
21
1A
18
02
A8
A8
96
26
80
69
4A
92
A9
85
8A
51
59
21
A4
A5
55
9A
62
26
14
5A
19
A0
89
24
A9
A4
14
58
5A
86
96
05
69
28
A6
05
64
48
59
48
81
61
05
49
62
82
55
2A
50
09
49
29
0A
A9
A0
61
AA
14
01
29
11
A9
A4
12
91
20
9A
09
15
10
14
54
55
A2
21
10
96
48
28
51
06
15
96
64
26
14
2A
16
94
55
01
59
56
56
60
19
94
60
44
85
00
86
9A
81
51
0A
A0
58
06
96
45
09
92
60
04
10
AA
48
24
49
60
04
12
2A
2A
69
81
82
01
A5
66
89
65
98
81
65
10
96
68
52
6A
59
A2
16
10
22
66
84
29
04
69
91
A1
59
52
A6
91
60
66
A6
91
99
51
26
99
56
06
81
12
A1
9A
4A
88
95
9A
98
15
89
49
99
19
40
69
45
56
91
18
41
65
98
95
52
AA
21
69
66
60
82
69
14
46
1A
05
62
28
68
48
A2
89
A6
56
66
26
94
88
1A
91
26
2A
68
9A
4A
68
94
50
00
24
64
15
49
96
94
05
18
1A
9A
6A
96
25
28
01
44
A1
10
52
21
95
9A
51
06
08
56
28
44
58
20
10
5A
90
06
80
A6
52
24
08
04
42
22
54
21
55
54
28
10
46
49
01
14
41
16
29
84
22
49
16
52
09
28
46
05
2A
01
20
68
46
64
56
A8
64
94
08
16
49
15
0A
84
AA
09
54
20
16
99
56
20
40
81
99
69
86
99
10
0A
16
12
46
08
08
58
51
88
51
96
28
82
90
11
01
6A
11
29
26
00
12
54
11
61
11
05
24
50
52
51
85
1A
85
48
86
55
02
59
15
8A
1A
08
60
15
A2
29
55
45
A2
A5
48
24
04
45
81
18
A8
A6
55
49
59
28
84
AA
29
29
25
66
04
41
81
A1
20
95
89
15
A1
20
25
26
A6
99
86
55
50
95
86
40
65
A1
49
56
81
96
AA
A2
11
66
59
59
A8
89
16
00
62
08
00
45
20

