05
15
8A
88
19
A4
0A
A9
49
59
40
26
95
A5
A2
61
26
94
82
84
68
44
2A
A5
AA
1A
05
A5
49
58
99
A1
1A
6A
66
12
99
26
10
98
12
4A
91
A1
A6
88
88
A1
64
19
A2
A6
AA
20
26
91
42
85
58
A5
59
22
42
06
06
54
14
62
AA
55
1A
58
51
6A
52
8A
96
26
46
AA
15
4A
A5
4A
62
A6
A6
55
86
40
A0
A4
96
59
28
14
A9
02
4A
A8
66
A2
18
69
AA
12
A9
66
A5
01
26
65
50
51
A9
66
09
A0
6A
58
A1
02
24
09
81
84
61
64
96
1A
02
25
11
46
80
42
A6
66
24
88
24
51
80
60
A1
96
AA
46
94
95
A1
A5
AA
91
A6
95
16
18
05
4A
95
69
06
56
56
04
85
40
54
81
A5
50
5A
9A
65
99
66
5A
98
A9
05
25
56
48
99
58
19
62
18
95
69
56
46
9A
84
25
60
95
A5
A8
A9
26
49
22
06
99
89
16
05
61
54
80
22
46
65
59
58
52
6A
88
4A
8A
A4
48
51
06
5A
28
99
94
65
69
A1
A4
6A
29
64
22
A5
A9
19
A2
99
28
62
A8
A2
41
52
89
25
A5
09
54
26
99
01
2A
5A
58
41
6A
96
96
54
55
52
80
89
55
51
A6
59
8A
56
62
59
5A
68
4A
62
26
94
69
45
45
6A
08
A9
95
85
09
50
54
A9
15
A9
61
A8
10
40
66
96
68
00
96
49
52
AA
90
69
56
2A
84
A2
89
46
18
61
61
82
8A
54
0A
A9
85
11
59
A6
A4
A4
18
A2
4A
59
8A
91
82
86
A6
69
51
96
59
45
A8
96
10
55
11
12
18
16
29
A9
56
96
55
44
59
59
A6
01
20
A4
99
52
15
14
56
22
59
11
55
6A
22
29
21
21
44
18
6A
49
A6
01
90
69
19
55
21
00
99
60
86
6A
A4
91
45
29
52
A2
59
16
91
62
58
66
26
28
21
96
89
59
44
05
69
81
66
45
69
60
56
65
59
A9
42
95
40
89
54
96
65
66
55
4A
45
66
84
69
A6
16
64
46
99
54
95
09
45
05
85
19
48
91
42
6A
41
50
68
48
29
55
69
48
A2
9A
59
98
A8
22
A4
00
81
66
16
48
66
A5
A6
69
9A
A1
88
88
18
8A
95
2A
A5
2A
10
65
18
19
85
08
62
99
68
2A
91
5A
65
1A
56
26
19
69
A6
12
49
60
50
86
15
65
A9
96
19
86
A9
42
62
92
20
A5
2A
1A
42
A2
94
5A
A4
22
AA
A5
81
44
21
1A
51
6A
AA
85
66
A8
90
68
10
85
AA
89
A8
88
6A
24
66
66
40
95
25
91
1A
85
82
A0
9A
64
55
6A
49
4A
98
1A
12
A4
96
A1
21
22
40
AA
64
15
52
94
89
1A
89
45
4A
90
68
A0
A9
69
28
01
28
52
AA
95
52
55
08
AA
26
85
85
44
00
50
69
21
56
A9
01
56
89
4A
41
96
18
A8
85
59
26
A4
A9
52
42
61
5A
58
64
62
59
94
85
51
AA
A2
90
AA
64
51
09
04
0A
89
88
15
60
15
45
66
A8
5A
04
16
22
55
84
49
55
24
81
92
98
88
91
A8
60
65
11
69
64
54
6A
58
10
0A
85
09
16
A4
19
AA
09
49
55
92
41
14
66
15
49
42
65
28
19
54
56
65
15
58
58
89
68
85
65
44
21
28
5A
21
22
84
4A
09
56
2A
85
09
AA
91
6A
26
21
91
92
64
A1
65
18
60
08
54
A8
A4
92
A5
99
64
55
A9
64
A6
68
89
6A
65
25
96
99
08
61
40
92
A6
11
92
68
56
55
41
46
A2
1A
06
68
48
19
95
14
25
42
44
25
59
91
61
45
44
01
44
A4
49
85
90
84
A1
45
96
95
5A
A9
A1
08
50
40
16
60
61
51
4A
62
51
55
A6
A5
94
01
56
69
85
19
A0
A9
48
65
25
64
A5
14
92
6A
62
69
85
4A
55
69
59
65
96
22
68
AA
21
A9
59
59
24
96
05
02
5A
50
54
A5
65
86
A5
28
62
61
29
85
A1
85
48
50
52
08
89
12
51
11
85
82
54
50
50
88
59
9A
68
65
44
68
44
91
08
AA
50
09
21
A6
16
95
19
86
69
82
29
8A
60
62
06
64
19
91
8A
85
2A
12
50
28
09
41
46
05
46
2A
41
65
12
92
21
56
48
69
84
AA
09
59
64
21
04
11
25
51
AA
49
99
59
8A
A1
2A
9A
4A
89
95
26
2A
06
59
82
09
40
49
88
15
12
82
48
65
86
AA
A8
25
98
96
65
59
A0
82
61
A4
A2
18
55
09
55
91
04
41
6A
42
09
14
2A
86
16
60
25
42
A5
69
55
62
2A
05
8A
64
28
A2
45
29
58
9A
56
A0
49
0A
60
58
14
54
A8
49
56
42
9A
85
52
6A
14
8A
A9
60
50
09
A4
99
A8
99
98
59
64
56
12
A1
41
A2
54
4A
84
A9
58
A8
00
51
5A
12
89
11
65
24
66
42
65
42
A9
90
16
11
02
69
A8
15
52
20
A9
0A
00
96
A5
86
41
41
A8
A9
9A
48
95
A4
42
85
56
9A
22
52
49
69
8A
94
22
05
16
A5
54
89
56
8A
92
66
96
29
59
15
6A
96
68
6A
A8
88
96
A5
65
06
8A
22
A9
96
12
2A
01
61
91
64
02
61
66
A4
69
24
58
59
61
A8
42
61
68
A1
AA
94
96
19
85
24
09
46
62
18
60
26
AA
16
19
66
64
64
12
11
6A
48
68
6A
04
19
01
58
25
52
0A
06
19
41
86
A6
54
29
92
52
56
92
29
88
29
96
A2
50
06
9A
AA
94
29
A5
56
15
68
59
5A
05
95
56
50
52
5A
84
A2
95
61
84
86
59
91
99
98
80
01
2A
28
40
A6
AA
81
61
19
60
59
89
51
19
AA
56
28
66
05
2A
68
69
14
A6
46
66
98
85
5A
5A
56
6A
A4
51
A6
80
26
59
56
14
41
69
60
25
84
A1
11
50
05
15
80
A5
69
41
59
AA
9A
41
94
55
9A
09
61
89
10
59
84
A2
28
14
61
49
94
42
4A
A4
5A
80
A1
02
41
A9
00
69
21
45
A8
69
A0
82
09
28
18
6A
69
26
69
69
52
4A
25
48
A2
14
A9
69
58
6A
16
49
98
21
61
95
91
28
61
25
A9
26
98
94
8A
28
04
20
11
8A
95
29
58
16
66
60
25
51
A2
56
08
98
88
A9
10
61
26
86
50
95
64
A5
62
24
16
82
45
A6
59
08
55
55
A5
9A
A9
56
64
56
15
52
6A
98
66
49
60
61
02
29
58
60
11
A6
46
56
12
24
55
52
42
A9
81
9A
4A
46
49
68
10
A2
51
66
9A
28
66
51
98
45
5A
2A
60
86
89
69
88
A2
A9
A6
14
18
A8
2A
0A
A9
15
44
49
A2
05
94
20
10
11
09
69
A2
50
69
A2
61
A6
42
A2
A5
A5
51
88
A9
46
A4
46
69
1A
40
46
44
20
25
89
A1
15
55
52
A1
08
22
91
69
88
81
59
59
80
54
96
22
22
65
1A
44
62
54
16
61
96
99
04
A5
41
A9
98
AA
58
02
A2
5A
62
A8
90
24
A5
94
98
65
A5
21
52
55
22
62
86
88
45
6A
06
61
49
09
05
50
92
85
25
86
0A
A6
25
40
58
99
11
68
0A
90
16
12
16
65
A6
A8
59
26
15
59
18
10
09
04
68
04
59
86
55
52
A4
A1
91
8A
69
91
96
95
50
55
0A
A1
0A
A2
99
64
61
54
95
95
A1
29
1A
84
46
69
59
65
6A
62
48
86
91
25
25
41
A0
A8
46
64
A2
29
00
02
84
10
1A
91
95
A9
85
51
69
88
96
9A
25
2A
48
84
21
69
1A
12
26
05
95
08
20
6A
15
1A
88
44
55
A6
06
19
50
65
26
8A
82
86
28
61
52
A6
94
A9
09
42
25
A1
12
8A
8A
48
06
95
99
61
89
42
59
69
50
44
24
19
21
02
69
45
A9
90
A8
49
AA
96
98
18
58
81
69
A0
1A
0A
25
96
82
09
A4
94
12
16
52
84
85
89
A8
5A
52
52
A5
50
9A
9A
06
91
29
52
61
5A
68
6A
08
AA
1A
A0
A4
A0
6A
66
AA
94
42
5A
0A
26
8A
10
0A
A1
81
99
12
64
62
51
00
65
96
89
92
94
A6
A6
19
55
28
41
56
52
18
41
00
A8
65
11
46
65
29
15
44
8A
20
21
8A
54
A6
51
94
58
4A
1A
04
89
A6
41
48
42
91
4A
04
58
A9
06
69
02
4A
A9
14
56
6A
9A
1A
69
89
A5
08
56
08
18
59
92
6A
64
16
24
41
54
24
2A
45
58
51
64
55
A8
41
9A
08
26
A4
16
69
85
A8
01
91
51
0A
42
09
A8
89
1A
44
96
11
89
86
15
59
A2
82
A6
5A
02
A2
09
99
04
8A
AA
45
12
96
95
AA
A0
44
66
51
AA
80
65
24
96
AA
94
02
95
A9
02
59
A0
25
16
84
49
A6
51
19
04
A6
94
99
11
A8
5A
86
99
91
A9
92
85
59
6A
81
86
25
12
55
84
A2
A1
12
26
68
58
24
16
16
48
4A
89
54
0A
11
AA
26
A1
09
86
69
46
2A
85
64
50
56
05
25
16
9A
19
5A
50
16
84
1A
44
51
15
10
05
26
61
86
10
82
00
58
24
66
9A
20
11
22
92
49
6A
6A
0A
94
14
54
5A
84
12
A6
00
50
82
55
29
62
84
89
A8
40
42
54
68
6A
6A
65
A8
94
48
96
29
26
0A
59
66
80
64
19
21
A2
25
89
9A
11
95
05
56
40
41
0A
A8
05
96
2A
90
A1
A4
88
81
59
A0
66
59
4A
66
64
42
62
80
45
40
20
26
62
16
81
90
55
99
59
65
64
11
10
25
09
96
66
65
28
14
51
52
AA
08
92
99
01
A4
55
69
92
84
98
08
A4
6A
28
A2
68
41
29
44
92
16
48
A4
45
61
AA
50
91
69
54
99
61
9A
08
42
15
42
1A
19
58
A4
5A
01
02
09
92
58
8A
A6
6A
58
62
82
45
A5
16
14
68
09
55
AA
84
26
68
AA
04
16
11
56
02
14
62
20
89
59
11
92
44
5A
15
50
68
92
84
40
90
6A
16
A9
19
A5
52
A9
85
A5
85
04
91
54
58
A1
10
1A
01
26
98
10
92
65
55
84
A6
94
A8
55
56
56
8A
69
91
A9
82
0A
69
61
69
91
90
42
89
94
51
50
48
25
48
24
A5
90
45
02
64
90
50
90
19
20
89
1A
A4
14
59
00
50
01
58
96
96
64
A4
91
10
29
25
9A
52
4A
68
82
2A
A0
26
9A
65
9A
25
82
42
65
56
94
98
51
24
90
4A
20
51
5A
04
A1
59
44
91
52
40
21
84
55
46
29
A8
91
A9
05
96
46
40
68
44
85
44
A1
98
28
26
20
A8
44
89
96
A0
02
22
54
84
AA
AA
11
A5
19
51
42
96
20
5A
A2
51
86
55
64
95
1A
95
09
62

