41
4A
54
48
16
54
65
52
86
59
51
45
94
46
94
A4
45
45
A8
9A
68
21
A8
22
96
8A
95
A6
60
88
2A
A6
2A
86
A8
A6
44
91
91
08
05
64
18
95
A6
12
52
A0
59
86
41
58
05
98
2A
0A
1A
19
60
AA
20
58
86
15
54
96
45
01
85
66
49
18
12
A9
61
22
26
22
25
8A
65
65
69
A6
A5
66
2A
66
18
51
16
61
4A
96
24
A6
01
A1
55
A6
95
29
92
99
AA
5A
06
44
52
52
5A
42
82
A6
4A
88
A6
69
AA
51
28
96
16
19
26
95
58
1A
86
29
41
14
1A
2A
66
69
42
A6
A6
69
59
02
64
1A
91
AA
68
65
1A
24
22
AA
24
94
54
0A
90
95
08
A8
6A
86
99
95
06
42
19
26
81
04
A5
A2
A1
65
5A
69
65
42
59
51
25
A5
96
14
69
A2
09
56
46
9A
02
09
98
46
95
9A
26
40
88
A4
16
54
A9
91
09
22
55
02
98
98
80
5A
55
0A
68
62
5A
98
51
85
26
65
96
91
09
56
A2
84
8A
58
22
6A
A2
12
A2
15
55
04
6A
A5
21
49
52
6A
68
2A
54
56
56
86
6A
56
9A
06
96
69
99
85
54
89
09
98
59
A8
60
69
61
60
40
54
9A
A6
A6
A5
A8
42
04
A9
54
42
22
A2
12
12
28
49
A9
AA
5A
88
01
14
09
55
28
86
01
22
9A
04
94
69
10
14
48
84
A6
AA
60
59
40
16
42
95
56
24
A1
11
16
08
02
61
25
50
99
68
A2
01
24
54
88
05
05
54
6A
92
40
64
0A
29
26
66
A4
12
0A
4A
52
02
05
68
49
96
4A
55
04
8A
92
28
5A
06
A6
1A
65
6A
25
4A
19
05
44
62
65
1A
91
99
02
92
95
05
65
66
24
94
99
81
19
AA
89
2A
58
48
2A
4A
A9
99
9A
A4
95
21
25
95
95
24
21
2A
99
A2
68
26
08
91
45
A5
95
48
25
A6
41
01
64
A8
A1
6A
58
9A
99
65
81
68
99
54
5A
8A
24
66
4A
96
14
42
68
48
86
46
46
A6
56
66
6A
40
46
58
8A
99
91
42
50
2A
A0
A9
A1
29
86
0A
68
68
21
46
95
69
A2
49
65
48
16
05
44
64
59
52
68
99
26
46
1A
AA
9A
A9
65
56
2A
24
58
46
12
66
91
26
6A
52
11
A5
62
91
59
4A
A8
A9
98
98
8A
58
6A
95
55
16
69
15
09
A9
19
99
A5
16
48
91
28
51
91
1A
8A
4A
A4
26
A6
96
A9
A0
89
89
29
50
21
0A
26
44
2A
9A
52
26
A8
65
4A
66
66
48
8A
08
22
88
65
45
45
51
88
56
96
AA
A8
96
A9
51
42
54
9A
66
68
25
6A
86
4A
88
19
04
15
45
62
A1
20
59
69
98
4A
A9
99
65
81
44
50
A6
94
21
61
52
20
65
56
50
5A
A6
89
50
24
69
44
48
60
12
60
26
48
05
62
59
A1
95
25
90
20
18
14
65
6A
40
19
09
56
A4
2A
A8
66
29
AA
A9
94
16
24
85
80
5A
A9
55
46
51
98
A1
84
65
96
66
45
68
18
49
58
A2
A5
10
98
1A
91
40
8A
19
28
5A
6A
56
AA
A8
18
A5
41
64
96
45
1A
0A
45
45
A8
65
16
62
00
54
21
68
92
56
2A
92
04
60
61
92
15
8A
59
94
66
90
52
A0
50
02
84
64
44
58
61
20
88
A4
A8
86
99
89
22
A6
99
16
12
21
06
A5
54
84
48
64
99
06
41
96
AA
84
50
94
25
02
40
12
40
12
04
85
69
54
99
92
A8
99
60
04
95
5A
62
A1
64
92
8A
58
58
40
9A
25
A4
45
14
95
09
6A
15
40
95
61
AA
54
A5
A1
86
95
50
60
18
98
90
82
22
90
60
95
59
88
19
11
A9
29
05
9A
1A
A2
60
A2
62
96
10
29
21
24
16
91
86
91
A5
29
A5
54
4A
09
5A
9A
5A
64
AA
45
86
22
14
46
91
05
41
46
96
41
58
62
AA
91
8A
40
88
45
20
A8
46
28
51
96
15
52
59
A8
48
26
68
81
59
A4
91
55
42
90
A6
18
09
A9
69
58
89
55
94
51
92
26
64
96
60
14
99
81
64
A6
48
8A
2A
92
AA
28
95
88
19
86
88
65
52
69
10
12
84
49
29
2A
92
94
22
84
25
99
A4
20
2A
22
88
42
5A
45
02
19
62
19
AA
61
6A
02
61
64
A2
42
5A
04
85
A4
55
06
59
65
58
06
19
51
65
20
66
69
98
65
59
88
19
14
66
88
10
10
68
44
59
99
25
00
12
9A
61
89
60
94
56
46
11
A4
51
65
58
19
84
16
10
16
A1
84
A6
65
21
48
9A
51
1A
05
14
1A
21
94
1A
86
80
2A
99
96
50
62
54
A4
64
4A
88
6A
40
96
85
85
95
89
65
14
18
26
AA
28
61
92
22
19
8A
92
1A
1A
AA
66
10
64
A4
61
48
21
9A
92
9A
54
1A
99
99
94
86
26
02
65
99
24
1A
A6
64
41
A4
64
56
11
81
45
68
94
A6
46
16
22
AA
48
05
80
66
95
95
46
40
41
66
95
66
84
6A
41
44
92
91
29
5A
84
14
28
2A
29
01
64
81
61
A5
A8
4A
45
84
20
81
48
05
00
68
64
8A
A0
62
25
80
62
69
82
45
65
95
A0
44
56
58
48
91
11
40
11
01
AA
94
46
8A
95
55
89
66
58
81
42
84
45
24
99
46
A2
91
AA
4A
06
66
29
25
40
02
96
A9
20
5A
88
55
91
AA
49
A4
22
66
49
A1
61
A4
55
11
68
40
40
65
42
25
21
94
66
95
A4
50
58
24
A6
05
84
68
19
52
69
19
A5
4A
62
95
6A
96
1A
52
12
9A
2A
69
45
98
81
66
96
8A
92
6A
25
60
28
85
64
25
49
21
69
56
69
81
40
52
62
A9
60
A8
18
59
42
54
96
91
16
55
19
45
21
19
55
65
59
95
A5
65
95
69
66
95
25
59
16
60
91
A1
0A
65
49
A9
05
88
24
2A
88
95
A2
59
10
96
02
56
A1
51
51
56
12
A2
16
2A
85
AA
62
06
16
96
68
A2
25
A5
62
8A
A6
9A
11
14
22
49
28
66
8A
5A
02
44
A9
A1
96
A6
22
6A
AA
61
95
58
A9
45
55
94
15
18
20
15
52
98
5A
8A
26
96
66
08
49
86
86
80
95
21
49
91
52
AA
59
88
A5
5A
45
05
50
6A
50
45
94
16
88
25
51
46
29
41
24
80
8A
65
A5
89
60
51
85
85
59
24
05
09
05
52
A9
48
60
12
61
0A
26
82
8A
09
4A
22
21
11
A2
89
68
4A
66
22
96
64
90
16
99
6A
55
21
65
59
68
98
09
25
15
55
66
66
4A
41
A9
26
28
46
60
12
A9
81
86
06
6A
88
00
60
44
2A
45
A1
A8
22
66
22
A8
85
58
64
96
26
18
21
95
5A
85
6A
A9
09
19
5A
68
18
81
85
08
89
12
84
82
40
19
54
96
06
21
84
81
65
89
A4
00
45
26
68
9A
64
29
0A
A5
5A
00
08
20
4A
14
0A
A5
6A
AA
4A
18
10
44
96
10
28
8A
28
82
11
88
42
0A
A8
19
52
6A
08
62
96
A6
25
2A
55
1A
19
25
51
81
99
16
92
A9
8A
58
44
45
62
26
A5
42
88
80
95
88
62
AA
69
A2
95
14
A8
56
15
62
49
80
15
64
5A
04
AA
02
24
61
90
91
51
68
29
AA
09
66
22
65
95
A4
02
08
52
16
4A
91
A9
49
95
16
62
46
96
61
62
56
05
6A
16
94
45
26
0A
1A
11
99
02
90
98
5A
42
1A
06
50
26
15
52
12
54
46
25
15
55
45
AA
91
1A
06
55
94
26
55
A8
5A
45
89
65
06
52
89
A1
99
45
28
62
10
41
1A
66
88
22
91
5A
6A
94
90
91
16
A8
45
29
25
84
22
8A
68
9A
46
88
0A
4A
6A
66
08
58
15
41
A1
44
95
59
96
89
81
59
25
65
69
41
A4
59
20
42
49
1A
11
59
91
05
50
A4
99
A5
26
4A
84
08
25
68
69
95
92
21
66
85
88
45
A1
55
2A
96
A8
46
64
59
5A
84
60
90
88
19
46
4A
11
8A
A8
85
A6
89
25
4A
20
54
AA
1A
56
92
81
96
5A
A9
29
99
65
24
60
A6
15
80
48
6A
46
18
A9
88
9A
A4
68
19
20
85
98
94
12
92
94
80
24
85
20
98
8A
59
A6
56
1A
A0
08
48
90
48
85
54
44
94
6A
44
48
86
90
49
48
96
54
54
A4
45
25
A2
84
60
25
96
0A
68
9A
AA
0A
54
66
9A
12
51
A0
96
55
49
8A
24
56
41
91
05
22
96
18
96
A0
51
A8
85
69
49
85
5A
98
A9
60
68
48
84
66
89
91
85
A9
A5
88
61
AA
99
92
99
90
98
29
6A
8A
16
18
65
A4
92
00
61
84
16
49
A2
58
28
10
66
44
55
08
A6
8A
81
59
45
48
52
50
50
44
28
29
5A
A5
86
0A
45
56
90
9A
68
02
19
60
16
92
24
15
8A
59
15
59
52
21
19
26
15
55
69
59
4A
59
69
16
62
86
98
1A
15
18
14
A1
46
69
A1
10
26
88
AA
61
80
55
60
02
4A
26
59
19
9A
68
25
06
55
69
08
66
61
15
99
68
64
66
42
A5
18
A9
58
2A
99
86
1A
2A
A5
18
86
66
25
44
26
49
A9
99
9A
AA
51
8A
52
46
28
29
62
A9
11
59
91
85
A9
4A
60
91
96
94
5A
64
A2
A2
66
1A
61
25
54
40
99
59
A8
4A
21
9A
5A
0A
90
96
09
51
25
25
09
A8
4A
55
40
14
95
66
11
AA
4A
22
28
96
1A
56
82
5A
46
0A
15
91
98
02
AA
60
8A
58
46
65
A9
68
84
4A
11
91
5A
01
4A
48
94
6A
64
62
65
28
84
59
84
A8
98
86
98
A2
29
68
28
6A
96
26
A9
A1
A4
55
94
9A
A5
55
54
94
9A
61
56
62
99
98
AA
91
05
69
4A
15
59
52
69
12
94
95
15
10
A2
21
08
95
98
19
59
84
01
29
9A
0A
92
18
15
A0
21
54
1A
A9
91
45
59
59
01
19
55
58
92
91
A6
8A
45
59
09
A0
44
96
45
24
AA
18
24
18
A5
AA
54
95
A1
04
81
51
6A
40
1A
56
64
1A
25
12
60
56
82
98
6A
69
1A
A5
6A
A8
55
99
96
60
64
08
A9
26
9A
56
AA
94
80
86
29
15
42
42
9A
18
12
01
69
22
21
64
68
66
68
81
95
59
94
10
94
19
41
60
45
82
60
1A
08
28
59
06
55
58
0A
A6
42
A1
05
15
09
55
40
6A
04
49
59
02
01
5A
AA
5A
25
5A
54
20
26
85
2A
85
16
24
08
68
91
92
18
05
25
1A
5A
A8
95
50
29
56
01
2A
A8
02
46
55
02
6A
1A
51
4A
05
4A
A6
5A
29
42
90
92
81

