01
94
68
09
11
10
24
80
00
1A
56
15
08
0A
28
2A
50
05
9A
45
AA
55
A1
60
0A
08
28
96
55
41
62
48
A6
61
00
26
64
66
69
45
26
84
A6
56
80
21
59
69
10
A0
04
20
2A
81
A9
58
0A
86
0A
A5
50
60
45
81
6A
80
50
62
28
21
8A
92
A2
94
96
21
1A
51
05
91
49
94
95
A8
24
11
2A
12
65
54
10
12
91
9A
91
89
11
61
26
26
6A
18
64
92
25
94
15
94
A6
46
81
0A
10
80
92
81
46
5A
41
64
58
91
99
06
84
99
04
94
9A
58
10
60
66
14
98
94
95
9A
4A
60
64
24
1A
96
22
62
99
85
65
80
45
5A
05
68
16
60
A8
94
A6
61
66
86
A5
4A
24
91
05
96
5A
18
98
95
18
51
65
4A
65
62
A2
61
05
19
60
64
68
92
1A
02
11
69
19
64
88
81
52
00
A2
06
68
40
20
42
65
68
25
02
A2
51
AA
52
12
64
A5
16
20
AA
A2
12
A4
81
A4
20
42
90
82
80
18
65
24
82
82
28
88
46
64
09
12
29
91
08
68
2A
20
49
40
14
00
80
06
25
81
10
60
11
90
95
00
21
11
68
9A
18
46
52
86
22
A4
A9
61
60
14
61
42
4A
A2
98
26
9A
04
00
40
00
00
82
A8
01
11
10
A4
10
01
28
24
20
8A
42
9A
91
05
16
20
64
01
22
91
09
A0
A0
A2
58
AA
6A
A8
68
9A
98
26
A9
A9
66
82
42
8A
66
28
9A
91
18
A2
44
62
89
16
54
85
29
29
88
55
65
65
80
AA
60
00
12
08
4A
08
45
AA
45
24
12
91
41
2A
26
A0
A8
A4
80
82
A2
91
61
A6
52
A1
A0
00
91
82
68
A6
44
20
A5
46
A4
18
90
0A
61
42
A4
18
81
95
A1
94
12
A5
2A
22
25
09
18
61
5A
51
45
00
26
6A
64
2A
48
50
61
92
41
80
A5
55
AA
94
86
24
00
02
66
54
98
69
5A
A6
06
A5
21
89
40
A4
51
28
88
55
58
44
61
04
55
A5
22
51
A2
46
81
00
55
04
22
60
92
85
A4
A5
A8
60
A2
4A
06
20
55
82
65
44
44
A6
24
A0
22
09
99
65
1A
55
29
A9
A0
A4
58
6A
62
21
A5
A9
88
0A
65
59
81
42
09
96
95
51
92
9A
25
42
69
58
66
A8
96
55
5A
68
96
28
6A
62
64
56
4A
68
45
56
48
54
A5
26
14
4A
9A
90
A0
45
6A
A4
80
26
92
64
45
16
92
45
5A
8A
68
A6
AA
50
85
50
65
A6
40
54
65
58
9A
56
29
54
56
62
54
A1
A2
40
96
42
55
45
42
AA
18
81
86
92
1A
40
85
86
68
A5
A2
61
01
28
12
05
05
26
59
2A
21
A8
10
60
88
88
58
62
02
90
99
00
89
AA
00
29
45
10
10
14
05
82
00
86
98
44
51
15
84
2A
56
20
11
14
A0
16
22
6A
01
94
85
99
A0
14
42
54
A8
8A
95
80
85
A5
60
92
42
92
1A
04
21
0A
59
28
80
45
84
46
20
28
82
6A
10
02
91
08
42
11
65
68
09
1A
51
55
64
49
85
64
24
0A
65
82
62
AA
A0
A1
80
51
66
14
A9
91
15
66
5A
A5
A4
69
6A
60
89
62
51
09
A2
15
15
AA
26
A4
82
91
A9
49
59
44
96
A0
81
55
45
2A
1A
49
88
85
88
51
91
25
14
98
06
95
18
60
44
06
20
65
45
2A
11
95
59
06
12
11
26
96
9A
12
A0
22
45
82
96
06
66
84
1A
00
6A
82
AA
2A
29
10
19
1A
94
09
64
80
66
49
64
11
58
59
A0
46
92
06
6A
0A
90
02
05
19
66
A4
48
94
8A
81
52
58
65
04
96
A1
22
44
A8
41
85
81
89
4A
09
A1
56
16
45
46
1A
A5
80
46
A1
42
A9
84
65
88
66
94
25
90
14
81
A6
A2
96
62
A1
08
58
24
5A
05
61
15
61
64
28
62
40
20
6A
58
44
86
60
50
42
A0
62
99
96
24
29
50
84
56
54
10
89
84
91
94
50
4A
18
94
92
12
05
89
55
01
55
09
99
8A
25
49
85
44
9A
8A
06
1A
60
89
42
92
05
66
56
42
88
04
09
A5
5A
90
86
21
50
98
49
52
94
46
9A
15
85
51
44
95
64
41
08
21
84
69
8A
66
25
01
48
A4
55
A9
11
49
26
1A
86
61
61
59
66
50
96
11
66
A8
50
64
65
44
59
68
52
00
19
25
20
A6
81
19
81
84
54
01
48
1A
14
40
21
41
05
00
10
99
04
2A
28
A1
84
11
18
05
09
66
85
60
19
81
09
28
84
25
40
04
21
60
81
04
A4
68
20
65
22
18
61
18
44
25
19
81
10
60
22
22
90
80
94
58
91
61
02
48
00
91
49
04
46
12
81
00
20
A4
A1
06
18
01
00
46
29
20
89
A4
22
40
91
95
68
48
60
41
22
14
51
52
15
91
40
80
A0
1A
68
65
81
A1
A0
65
01
90
50
42
06
2A
58
A9
A0
58
66
81
A5
4A
25
6A
25
66
08
56
25
44
08
89
09
25
86
10
20
98
54
51
4A
28
42
A5
A8
81
51
44
89
85
28
86
90
92
42
54
96
95
16
04
46
45
62
58
1A
5A
59
56
11
69
94
98
64
58
9A
59
56
A5
05
52
54
04
98
80
21
16
91
65
65
88
A2
2A
28
0A
48
41
40
A5
8A
60
06
01
20
5A
99
1A
A4
01
21
10
A2
64
5A
19
A9
48
51
92
91
6A
9A
46
4A
8A
0A
52
45
50
46
00
45
58
94
64
26
65
AA
96
64
2A
25
4A
16
08
45
28
96
04
AA
91
42
58
52
89
14
95
42
91
55
A8
5A
89
06
92
25
2A
54
49
82
52
8A
99
28
46
22
96
A4
15
91
61
82
26
A9
16
20
9A
A9
04
8A
85
64
49
4A
94
92
25
0A
55
85
1A
9A
15
69
AA
0A
61
09
18
82
92
58
A2
44
91
64
A9
59
1A
69
19
21
1A
8A
AA
44
94
54
A8
1A
96
A9
89
06
22
65
A0
9A
16
55
08
02
65
26
6A
9A
55
06
56
10
60
99
81
64
65
A1
25
91
26
5A
28
19
98
85
88
12
A0
99
06
99
0A
A8
21
26
68
8A
41
54
56
A8
96
69
95
45
8A
05
92
04
A5
40
4A
2A
96
05
48
60
44
01
05
2A
1A
45
56
06
60
90
81
10
20
40
02
A9
84
20
54
69
88
A5
08
00
10
10
45
25
02
AA
08
A1
90
60
09
48
11
04
55
1A
22
22
18
11
50
08
28
20
45
28
29
08
19
68
05
12
54
04
14
86
14
04
12
A5
20
58
00
24
50
01
92
54
66
0A
44
01
A4
45
00
1A
00
62
02
11
AA
19
25
48
28
A5
65
AA
68
05
2A
25
68
99
10
1A
2A
4A
A8
18
94
A4
89
0A
A6
50
08
02
A5
59
94
2A
58
A2
69
52
A5
65
9A
A1
08
84
49
98
41
6A
5A
9A
A8
69
81
15
8A
12
42
52
05
18
A9
8A
11
16
56
0A
0A
02
51
A6
54
26
25
98
8A
05
1A
A6
45
A4
4A
25
61
AA
05
96
41
98
A6
04
45
55
08
24
4A
85
51
A1
5A
A5
68
14
21
50
11
92
91
06
19
94
A8
50
94
22
12
56
5A
54
1A
96
A5
09
1A
42
68
9A
18
8A
56
45
95
A0
58
49
10
0A
08
28
88
6A
62
66
68
96
60
45
94
51
11
66
80
98
62
12
1A
04
64
2A
98
49
0A
61
86
15
81
18
14
28
15
49
8A
22
18
A1
20
92
99
58
91
44
64
96
6A
85
61
88
69
00
64
98
16
14
95
94
95
9A
89
62
20
A4
45
95
46
89
A1
82
64
95
21
45
56
15
54
62
80
98
4A
A2
5A
6A
A8
66
9A
68
14
99
24
61
98
94
94
65
2A
1A
04
18
94
59
89
25
22
56
11
A6
10
64
19
A9
69
18
29
98
A8
28
0A
46
58
25
99
56
26
95
66
65
5A
09
66
A8
14
66
98
99
62
28
18
95
90
99
64
01
94
99
69
AA
A1
91
A8
61
56
40
84
AA
A5
40
86
4A
11
81
12
5A
81
1A
40
28
40
94
81
91
60
98
A0
89
61
20
09
42
00
52
10
46
40
04
49
80
41
56
82
61
59
22
56
04
24
44
48
04
24
00
A5
98
69
80
40
81
19
46
80
80
62
08
40
02
69
10
25
16
84
00
50
09
1A
40
08
54
09
42
1A
80
81
89
52
90
00
69
40
89
69
52
56
11
24
61
01
5A
46
62
04
00
5A
91
68
45
69
69
26
64
45
68
1A
20
85
60
90
41
96
98
18
61
10
19
91
11
51
9A
61
90
AA
21
59
A2
55
68
40
64
99
96
99
66
48
A2
49
A5
65
90
90
54
A9
56
94
60
84
95
54
60
A2
40
98
A1
85
25
00
A6
64
A4
65
A9
12
48
98
6A
A9
49
15
02
A2
55
29
10
4A
88
44
98
62
61
58
62
68
51
62
18
00
6A
55
68
A6
59
22
46
59
66
48
4A
14
64
25
44
2A
A5
46
28
A4
62
14
05
60
56
66
80
26
54
46
46
59
26
61
95
2A
99
88
A9
99
85
AA
9A
99
A8
99
6A
99
89
52
92
66
59
A4
95
64
82
69
52
19
1A
05
98
00
98
44
49
26
9A
9A
98
92
98
64
80
46
28
0A
4A
06
18
56
AA
99
42
66
56
A0
56
91
44
99
45
4A
08
65
44
58
5A
49
91
A9
08
99
52
8A
66
98
44
19
00
19
88
24
28
AA
80
52
21
22
44
2A
91
95
4A
89
18
6A
26
68
5A
54
64
14
81
A6
A0
66
A0
48
A0
4A
89
A8
AA
9A
66
59
81
AA
A8
85
98
4A
29
A6
85
A6
02
09
60
46
A6
10
6A
98
68
65
68
65
54
50
58
88
59
2A
AA
21
64
64
65
89
90
66
60
81
89
90
6A
69
49
10
99
5A
AA
62
09
41
02
A8
00
84
04
68
81
40
91
A9
60
00
9A
81
8A
42
85
21
62
80
84
20
06
05
98
46
68
95
61
6A
81
45
99
80
A5
49
41
64
96
4A
60
82
51
A0
12
80
AA
89
62
42
4A
60
44
65
05
85
40
90
5A
66
29
19
89
98
26
06
90
A1
18
A8
81
AA
26
8A
81
80
0A
11
99
89
66
81
25
91
92
81
50
05
99
40
24
65
50
89
49
22
88
A2
88
6A
98
59
82
2A
20
6A
04
60
65
8A
5A
46
12
A9
69
14
90
99
42
54
1A
26
91
A5
2A
A5
98
92
99
66
66
56
02
88
A6
A9
46
5A
66
64
92
A1
68
40
80
09
51
85
46
28
A0
4A
4A
98
02
90
A6
42
52
59
8A
91
42
62
69
A5
AA
81
95
90
A6
40
26
48
66
98
54
A4
22
99
89
6A
94
81
64
A6
66
66
89

