18
56
09
41
56
4A
69
86
AA
84
A6
18
59
21
84
9A
86
86
69
09
84
16
54
A4
56
69
02
56
58
A9
02
84
0A
A9
A5
21
8A
55
1A
61
A0
AA
65
A8
2A
26
A2
52
91
5A
95
40
A8
90
A9
A4
5A
91
AA
A0
48
98
9A
15
96
66
A6
45
5A
81
82
98
82
A6
92
1A
0A
89
56
A5
22
18
96
A4
86
25
49
96
90
5A
99
5A
04
15
28
84
96
01
4A
64
50
4A
99
09
A9
05
8A
5A
24
40
85
A5
A9
69
95
56
5A
86
59
04
10
A5
58
28
20
A9
A0
99
9A
18
28
85
96
68
58
24
98
41
91
96
9A
40
10
92
A6
90
26
16
5A
62
9A
AA
9A
14
85
95
6A
6A
9A
61
4A
A0
19
8A
8A
65
56
69
88
55
25
46
45
09
85
65
60
A8
45
92
A2
69
A8
89
94
52
54
62
99
11
45
9A
61
A5
14
AA
12
10
55
80
16
94
55
A5
A1
20
A6
69
26
69
89
89
82
26
84
98
95
58
A2
06
49
8A
15
40
84
A0
A6
26
54
65
15
69
A9
86
92
48
2A
21
50
55
0A
06
59
69
1A
5A
68
21
99
96
A2
62
11
19
96
56
92
52
26
86
49
2A
48
94
22
9A
A6
AA
4A
25
25
A9
05
16
56
50
60
95
65
11
96
46
2A
24
69
58
19
1A
00
52
99
58
11
46
50
00
2A
8A
95
22
65
6A
49
66
48
2A
6A
54
8A
A9
54
05
A4
95
A9
55
64
20
48
A8
99
55
48
0A
4A
68
64
92
25
91
28
25
A0
66
85
4A
62
66
5A
05
64
56
46
0A
A9
15
12
58
18
42
09
56
94
86
A5
58
AA
11
5A
A4
58
18
55
54
95
19
65
59
51
19
AA
A4
24
8A
94
A5
4A
8A
89
60
2A
AA
92
56
54
16
44
06
62
05
95
A9
95
60
2A
15
5A
91
6A
29
6A
52
48
66
28
9A
81
0A
81
06
21
58
16
16
94
2A
89
55
62
59
92
4A
92
18
89
8A
89
82
9A
4A
28
A8
96
00
91
59
18
46
96
42
A0
89
44
9A
55
A6
88
60
19
2A
99
A2
A5
52
58
A2
54
5A
80
44
2A
98
A6
08
65
54
64
A6
A0
66
51
1A
00
06
21
AA
55
A0
54
46
24
49
4A
A1
22
04
02
94
A9
05
85
A6
51
09
64
6A
A4
68
89
64
5A
16
A9
4A
88
4A
96
21
8A
52
49
59
21
A8
62
61
8A
A1
A5
04
55
60
A4
55
62
15
54
98
94
89
55
85
25
46
A1
A2
96
4A
2A
02
85
90
66
6A
10
A1
91
02
11
96
44
69
99
A4
40
55
18
50
A4
55
A1
14
15
4A
A0
44
89
A5
4A
81
45
AA
94
59
49
6A
51
68
55
98
11
62
11
52
95
52
26
89
9A
52
16
4A
05
06
04
21
A1
6A
22
69
59
15
01
AA
01
45
46
49
96
56
04
18
42
95
22
64
88
61
24
A5
12
98
60
56
95
52
14
24
68
04
21
24
58
81
89
62
64
5A
1A
58
56
55
59
84
90
9A
04
61
9A
95
62
00
A9
6A
22
89
A6
A5
56
5A
85
46
2A
6A
6A
A6
12
19
56
A8
1A
49
91
69
29
86
55
69
9A
56
0A
6A
25
02
96
A6
44
56
19
A2
11
2A
11
A5
44
A5
A9
85
28
12
42
2A
15
A9
56
68
A2
9A
94
AA
45
25
8A
A8
A9
1A
55
A0
52
49
8A
AA
85
82
91
69
58
42
45
44
54
81
20
91
6A
52
56
9A
21
90
61
A9
61
A9
94
62
15
22
65
01
49
2A
A9
96
11
50
95
65
42
68
01
90
99
AA
46
65
21
5A
A9
90
16
54
01
61
A9
8A
19
4A
91
06
50
94
91
86
A2
56
62
90
1A
04
A4
5A
58
8A
51
15
86
95
AA
55
05
82
68
0A
68
86
8A
04
46
99
A9
54
60
A0
2A
46
96
91
55
8A
95
90
16
68
84
99
98
4A
AA
68
08
29
56
24
95
80
AA
66
51
95
64
A6
69
84
86
69
86
A4
92
89
68
A9
61
61
A8
89
4A
56
95
20
59
24
92
11
54
66
95
56
66
25
21
90
44
48
96
A8
99
29
88
9A
00
A9
52
95
09
92
84
99
A8
A9
2A
95
59
56
86
9A
12
22
99
A5
80
86
56
14
66
64
28
A6
22
56
92
A9
AA
04
1A
08
95
82
12
84
0A
A9
A9
1A
04
62
61
46
51
82
50
99
AA
29
21
66
69
24
8A
6A
56
8A
6A
1A
65
12
1A
64
09
68
1A
69
68
62
41
55
96
69
19
56
16
92
15
50
56
A9
6A
A4
55
42
16
64
A9
44
4A
1A
65
1A
90
59
6A
06
19
54
58
66
65
15
90
96
81
9A
2A
66
28
5A
A5
A4
55
5A
81
05
A9
50
62
52
92
82
A8
96
55
81
22
18
4A
01
48
1A
18
18
21
41
2A
42
19
A4
A1
92
66
54
A9
94
54
55
59
64
68
14
95
58
24
AA
82
92
95
55
99
A5
19
06
16
29
42
AA
58
99
94
69
98
46
62
05
98
86
89
90
58
20
96
52
52
A6
09
6A
49
A1
A6
55
AA
AA
84
A1
8A
20
A2
8A
46
94
19
8A
61
92
84
91
9A
A6
98
AA
94
A5
91
91
A5
6A
16
50
A1
A5
68
16
95
A6
59
55
1A
66
49
A5
45
44
24
5A
95
65
89
62
64
16
6A
81
06
16
A5
08
A6
44
95
05
66
50
42
A6
06
88
19
99
A1
66
56
25
A9
15
41
92
28
62
0A
54
A9
00
A4
46
46
10
92
46
56
9A
46
28
60
56
5A
6A
A0
11
24
58
26
90
A9
66
9A
01
85
28
99
92
68
00
9A
9A
80
01
95
08
69
08
4A
96
90
01
80
A2
24
09
14
68
16
A9
A0
18
65
54
08
A0
66
69
18
92
18
52
21
94
55
16
A6
A9
54
25
14
A6
25
45
22
86
50
46
A8
10
96
99
18
24
A6
52
A9
94
59
A4
95
24
91
21
96
18
94
A6
29
8A
88
88
15
92
51
19
88
42
95
92
19
56
46
21
25
A6
5A
49
A1
A4
02
49
11
90
A9
22
A8
28
52
89
65
21
12
68
48
5A
19
54
14
28
89
96
91
20
A1
99
54
61
22
84
2A
89
91
86
19
61
89
29
59
5A
10
A6
04
16
51
6A
45
99
95
91
01
64
92
62
66
45
A1
06
48
60
A2
98
62
25
59
61
96
49
59
61
48
54
94
24
A8
55
6A
A1
80
86
68
08
11
A9
41
90
8A
8A
26
91
99
A5
A0
09
88
25
99
80
AA
06
58
A1
89
89
A0
86
64
56
62
62
15
66
A4
94
18
89
54
86
62
29
AA
08
55
0A
81
65
A5
55
25
56
01
22
5A
50
41
4A
60
09
96
56
8A
66
A8
40
85
95
8A
95
18
65
81
68
09
A5
AA
95
92
21
99
56
A2
2A
A6
65
96
04
41
A6
11
58
46
55
9A
45
46
92
55
98
8A
15
92
65
81
46
90
12
92
42
50
59
89
56
A6
95
81
14
96
80
56
A5
4A
64
60
22
A5
51
10
05
06
80
19
66
92
20
0A
65
46
A1
A6
99
46
45
25
61
0A
82
56
69
4A
48
04
99
A8
1A
48
64
A5
50
21
51
86
65
99
06
88
89
A4
06
92
04
64
A9
61
41
A9
96
54
41
55
16
68
06
91
16
25
A5
5A
66
24
A0
95
AA
0A
84
AA
5A
91
22
0A
58
A4
5A
59
2A
68
85
09
2A
4A
91
51
4A
49
15
45
2A
5A
55
A8
45
55
19
08
62
6A
24
89
58
91
AA
52
A9
55
61
26
6A
21
52
52
56
56
92
69
A9
A9
8A
90
99
82
94
42
56
96
19
06
19
22
48
85
46
98
6A
50
98
A4
22
91
52
A5
15
A9
09
5A
65
92
A2
15
22
91
96
64
90
42
55
01
68
20
90
A2
05
AA
6A
A8
56
28
46
54
16
A6
62
92
69
44
91
A1
6A
5A
66
11
2A
95
58
5A
08
A8
40
55
85
61
41
11
52
A8
99
86
05
2A
A0
69
25
10
19
60
5A
A1
52
66
24
42
04
58
6A
59
6A
45
96
85
99
42
54
61
99
26
64
54
29
A1
59
55
65
04
AA
0A
A5
94
44
86
09
58
62
9A
16
94
A6
A8
09
25
A6
69
52
90
A6
96
0A
68
89
A9
89
A4
40
14
91
0A
81
12
41
A2
20
99
A5
AA
25
04
51
4A
66
A4
6A
98
12
11
06
54
52
66
0A
96
95
1A
49
08
96
91
55
46
A4
16
44
88
99
59
24
51
68
44
94
2A
16
A0
8A
05
91
86
50
9A
24
48
16
44
A9
82
22
A8
88
98
22
5A
18
11
18
A5
85
65
A9
55
45
A2
A4
18
94
85
60
8A
51
11
41
49
46
16
1A
24
50
50
AA
8A
1A
9A
89
5A
55
56
66
51
99
A6
65
56
A6
89
51
A0
A8
62
49
49
95
4A
21
8A
49
45
01
24
20
01
55
05
42
1A
2A
95
00
62
26
10
22
60
69
AA
94
5A
48
15
86
50
59
55
85
AA
86
96
89
A6
68
86
A4
54
95
24
11
46
12
96
55
55
89
85
61
52
4A
64
95
65
A2
9A
14
65
18
4A
55
81
45
0A
22
65
42
29
A5
6A
60
24
92
41
84
10
00
AA
89
4A
58
94
02
12
88
89
A0
55
59
2A
95
14
15
69
14
60
51
24
A5
14
29
29
46
26
95
20
89
54
66
26
A6
8A
96
4A
A5
51
16
61
60
54
2A
59
18
1A
91
A6
95
10
56
40
AA
09
61
59
82
10
26
54
05
95
12
21
06
66
01
98
2A
89
61
90
02
40
41
6A
66
46
1A
06
A4
82
09
95
5A
82
66
11
69
29
24
AA
48
18
80
42
90
24
A0
68
55
19
A5
A9
48
10
52
A2
A1
2A
8A
58
9A
A6
89
A9
99
68
56
65
84
20
62
08
92
62
6A
89
42
9A
92
60
21
92
4A
58
A5
46
26
A6
45
69
A2
12
56
10
61
98
56
88
68
90
28
8A
46
86
02
29
42
85
68
46
49
19
A1
62
18
A0
25
5A
82
06
20
59
0A
92
05
90
A2
51
05
80
85
41
85
40
11
A8
92
42
90
1A
85
A0
29
19
44
95
8A
44
66
51
11
25
96
85
86
51
4A
25
00
96
15
45
41
58
5A
55
66
A1
12
61
16
86
55
A6
A4
64
28
42
06
18
04
5A
58
28
19
56
04
52
20
49
A2
05
52
58
16
65
61
41
60
26
51
49
56
62
86
86
02
62
6A
96
64
A2
10
64
A2
95
66
98
A5
60
15
61
0A
AA
A1
8A
AA
45
99
65
40
99
A9
86
A8
A5
A5
18
95
99
51
4A
68
12
49
49
92
96
42
95
9A
A4
08
88
9A
80
A2
01
42
A1
15
60
11
86
22
6A
69
60
86
41
52
81
82
46
A4
68
6A
A0
69
42
19
4A
41
20
91
91
05
9A
51
06
60
04
10
65
04
59
AA
16
16
5A
92
5A
29
54
95

