48
66
41
A6
2A
A2
42
91
28
94
1A
1A
86
25
65
41
6A
A5
64
91
0A
94
45
96
AA
A5
2A
96
A2
55
21
05
98
55
25
25
21
89
66
0A
05
52
84
54
92
5A
91
50
44
A1
58
29
68
81
04
52
55
A1
A6
26
28
9A
18
81
69
94
49
96
96
A5
59
92
AA
0A
8A
A1
51
49
AA
61
59
91
16
60
10
15
01
A2
99
44
18
6A
60
96
82
50
46
56
9A
28
A6
29
96
6A
A5
98
28
49
82
69
AA
AA
56
94
68
6A
19
45
58
01
62
99
99
51
41
A6
AA
55
95
99
44
A9
66
95
A5
28
A6
90
45
94
25
20
96
29
48
4A
85
94
50
4A
6A
56
95
61
25
81
51
52
44
89
15
99
16
95
64
18
81
84
1A
84
AA
54
81
59
58
29
A8
01
56
A6
A4
06
28
65
8A
68
95
59
19
6A
21
20
66
58
6A
18
16
48
91
58
45
54
59
91
08
52
59
08
26
49
04
41
86
98
55
22
99
95
59
81
10
64
22
88
42
20
82
62
90
65
91
88
A1
15
96
A6
55
6A
6A
AA
6A
88
62
A2
6A
AA
49
26
1A
24
14
44
86
55
21
64
8A
85
16
65
49
06
05
92
52
64
A9
2A
86
06
A8
8A
8A
A9
4A
01
91
62
89
62
A9
A0
69
51
41
92
99
56
98
84
46
A5
01
22
A5
44
AA
16
05
61
45
60
8A
04
91
85
69
92
2A
61
6A
A9
69
2A
16
54
40
A0
A2
60
24
8A
14
12
08
8A
88
25
60
98
25
01
56
A4
58
86
A2
6A
89
16
15
92
90
AA
18
25
89
16
90
A1
69
50
A5
A1
52
A2
64
49
AA
98
A2
49
A8
90
55
64
15
64
18
24
46
A5
46
A8
59
9A
59
0A
54
69
0A
A8
55
66
61
86
58
26
90
05
46
A9
96
6A
65
5A
A2
44
98
A2
44
06
15
25
5A
A0
64
89
60
AA
88
05
59
62
49
88
A9
24
8A
A9
A5
40
64
22
29
89
0A
A0
98
56
A0
19
1A
46
95
62
48
68
85
A6
14
25
82
A4
68
98
88
81
24
5A
66
01
41
65
60
A8
89
A8
52
65
9A
41
52
A9
94
14
2A
26
01
91
AA
92
5A
A5
A4
61
09
51
24
9A
A5
A2
16
5A
99
12
A5
91
28
85
84
5A
99
24
64
28
41
21
68
98
96
92
18
26
9A
94
69
05
64
59
82
21
51
52
22
92
A4
19
12
6A
12
86
29
56
15
45
45
26
1A
20
85
AA
81
0A
54
A5
A5
5A
A1
58
12
95
46
5A
94
A1
91
A5
8A
24
41
19
64
26
16
56
05
11
54
02
55
A9
92
46
66
89
68
1A
6A
15
96
98
A8
98
01
9A
59
29
55
10
86
9A
2A
19
0A
24
45
85
5A
5A
55
22
A9
2A
A1
50
55
26
51
A1
5A
A8
45
A8
66
68
42
21
05
55
24
0A
26
85
64
02
55
01
52
95
05
55
42
54
55
58
A8
41
89
19
04
61
66
15
95
65
55
4A
4A
91
4A
49
11
16
29
2A
41
66
A8
9A
11
91
66
26
02
95
15
66
94
AA
91
A9
46
46
65
16
15
8A
A5
18
6A
59
49
54
56
A9
A4
91
49
90
90
65
18
A9
20
95
25
49
66
16
60
1A
A8
81
05
49
26
A9
29
A4
AA
98
51
0A
46
A2
14
9A
88
99
25
56
96
6A
65
28
48
8A
4A
A4
45
A1
50
86
49
01
24
A5
94
29
99
12
86
89
90
41
26
25
61
85
84
22
64
69
A0
59
15
10
A6
A2
66
8A
A4
99
12
61
9A
99
24
5A
15
51
46
9A
02
50
41
95
62
6A
A5
65
84
A9
6A
A8
01
56
98
69
55
51
A8
89
91
9A
46
49
80
6A
95
69
1A
58
58
90
99
25
65
0A
16
A9
94
00
94
26
95
28
28
86
8A
2A
82
46
56
25
69
48
84
99
41
5A
65
A4
62
14
19
18
48
5A
AA
88
82
86
52
2A
8A
89
A1
58
5A
64
98
90
00
2A
A9
40
45
8A
92
66
2A
45
08
9A
69
54
A6
65
99
85
09
95
1A
85
66
40
48
A5
89
11
89
50
58
A2
46
85
91
6A
01
85
25
91
6A
42
52
82
95
46
24
A6
A5
A6
50
25
22
08
58
85
85
90
26
9A
A9
59
92
98
A2
A5
05
49
51
64
5A
92
09
26
22
A6
4A
15
52
69
A0
26
20
A2
49
12
21
15
88
15
25
95
95
86
5A
A1
12
68
26
2A
06
56
15
AA
15
66
49
59
09
11
42
A1
90
89
A6
6A
A4
44
65
5A
45
6A
18
A5
45
AA
94
59
94
15
41
A0
06
65
92
55
61
08
96
A8
49
8A
A9
91
26
58
69
48
A5
50
A0
95
09
86
59
A8
02
A9
6A
85
19
5A
54
82
A4
81
41
49
88
61
69
58
15
A4
81
A6
A1
54
98
A1
A9
51
96
A0
A9
69
65
6A
A6
8A
A9
0A
66
49
68
65
A5
A8
28
55
8A
18
46
AA
9A
6A
15
26
5A
54
54
66
28
59
68
58
54
51
62
48
60
40
A4
55
69
50
90
0A
64
62
94
89
61
62
04
95
44
66
A8
12
81
0A
5A
59
45
A5
68
60
95
98
A4
28
88
66
69
A8
9A
86
48
51
40
28
89
69
45
26
61
61
A5
92
A9
95
A9
59
4A
65
40
10
25
82
AA
16
24
6A
85
55
42
2A
15
A6
A6
4A
61
6A
8A
15
08
9A
04
65
16
58
64
A8
29
60
56
68
15
01
95
85
92
95
65
16
62
96
4A
49
AA
0A
A8
69
24
A0
61
51
2A
22
52
5A
06
14
A1
82
91
A9
95
51
A6
46
20
55
14
29
02
A6
A2
95
62
94
5A
90
49
4A
06
9A
66
96
9A
28
A4
25
99
92
21
59
61
45
46
90
98
99
15
12
54
44
A5
91
96
8A
86
55
12
6A
18
AA
16
99
A8
15
15
64
22
5A
18
AA
40
62
9A
6A
68
95
5A
9A
45
50
04
82
56
09
61
4A
06
90
95
80
24
1A
94
81
20
55
18
96
89
52
25
AA
62
45
19
02
A8
18
AA
A6
62
1A
15
61
A6
02
92
45
42
8A
55
51
14
A5
95
91
0A
20
44
61
19
46
16
25
12
54
19
65
51
AA
95
0A
55
46
86
46
46
5A
59
46
69
58
11
9A
A6
5A
52
2A
95
4A
99
24
62
89
65
01
25
44
A9
02
80
41
66
41
86
96
49
01
AA
04
4A
2A
61
45
68
50
12
41
11
98
20
04
55
90
8A
09
24
A2
99
99
2A
A6
A1
4A
88
26
58
A5
5A
69
95
A4
45
28
56
8A
65
56
95
50
1A
94
92
15
66
86
48
59
15
24
21
A4
94
41
A2
50
A1
59
05
54
04
61
A6
66
92
08
44
20
59
10
21
66
14
89
24
16
92
01
56
45
19
44
58
48
50
92
46
A8
20
A5
61
A8
65
64
22
20
A1
2A
02
82
92
86
01
66
15
A5
99
46
58
19
65
01
85
12
A2
18
16
8A
8A
85
08
19
01
A6
69
01
99
5A
A1
A9
A6
61
90
46
80
95
65
01
56
99
06
28
89
56
59
9A
15
92
22
9A
85
69
18
04
99
0A
88
2A
55
66
66
99
82
A6
A1
01
86
AA
61
28
20
65
81
85
84
AA
A6
10
99
8A
61
90
A8
0A
64
29
02
98
49
A9
26
51
60
62
A5
22
91
64
12
48
95
A4
A6
09
A1
98
12
54
1A
55
A9
25
AA
2A
09
42
85
82
9A
58
09
A1
16
86
25
A8
10
46
48
49
64
94
54
16
59
5A
49
69
A4
88
51
19
A6
85
09
20
46
55
11
2A
99
5A
19
65
A5
02
16
60
88
52
92
2A
48
55
94
88
A5
95
41
A1
51
52
52
69
90
A0
8A
94
65
20
11
11
15
86
92
14
92
98
5A
04
20
AA
89
A8
1A
49
56
45
94
55
41
28
48
59
94
61
92
00
98
65
21
68
00
56
49
18
84
A1
69
25
62
1A
42
5A
49
14
18
50
14
29
58
92
A0
68
69
55
52
AA
29
A4
91
69
AA
69
46
59
56
44
14
0A
15
49
94
55
56
52
41
54
89
A0
55
24
59
49
58
A8
92
0A
68
AA
A5
15
6A
16
56
66
48
94
19
41
A9
48
18
60
95
64
52
59
9A
54
92
A6
0A
12
89
95
14
26
50
A1
64
51
98
49
82
4A
6A
10
A6
2A
19
1A
56
25
59
A6
8A
95
24
52
90
A1
54
90
A6
98
26
58
45
88
02
95
96
0A
6A
A2
86
56
61
96
15
88
62
84
50
61
49
62
45
14
90
A9
8A
6A
81
28
81
64
12
64
55
6A
60
98
95
82
61
56
51
69
14
49
65
52
44
18
49
AA
59
69
A5
40
A2
5A
50
41
40
56
45
A5
6A
A0
A9
46
A1
99
A0
9A
45
6A
59
14
29
00
04
6A
41
52
46
08
92
86
1A
A9
A9
A9
28
A5
42
A4
51
2A
44
85
24
A1
50
65
16
A9
A8
0A
65
28
4A
08
98
A6
2A
24
9A
85
26
82
96
A4
A2
69
08
28
41
66
18
25
26
A4
8A
04
52
86
A4
89
69
85
A9
58
42
52
91
14
94
A9
52
94
52
49
92
09
12
9A
09
88
0A
65
56
51
1A
62
A2
0A
20
46
01
51
25
08
98
12
A4
9A
28
16
50
56
02
81
5A
59
56
58
58
06
29
01
49
55
A8
00
AA
2A
41
A1
28
96
65
64
84
0A
88
60
55
98
A2
96
90
42
04
A4
15
69
41
59
25
14
5A
96
5A
01
22
06
12
A8
04
A1
59
99
96
56
6A
42
80
96
22
1A
24
06
69
92
14
04
40
9A
4A
14
26
61
94
06
A9
61
1A
51
0A
22
0A
94
09
15
15
A2
05
46
2A
06
A2
98
02
86
90
81
85
19
95
59
A2
A4
46
A2
18
A1
61
69
A9
28
68
29
A2
A2
91
60
54
A6
95
95
86
59
06
54
14
46
A0
69
10
1A
8A
81
29
14
02
15
21
01
02
28
50
24
60
42
8A
91
29
24
24
11
AA
A6
45
65
A9
56
04
09
55
68
AA
1A
94
12
55
84
29
AA
95
91
02
A5
14
A8
90
29
8A
94
98
58
92
15
26
1A
05
11
24
A4
66
44
46
91
19
00
08
0A
88
24
0A
80
58
AA
61
40
24
05
18
29
6A
09
A9
01
A1
58
4A
A6
16
96
29
48
A6
98
02
54
8A
1A
A6
84
20
84
54
68
40
59
14
10
04
29
25
60
A1
05
A4
65
66
88
86
58
99
55
96
54
A0
60
52
52
44
10
68
54
94
15
01
48
1A
A6
16
14
16
05
69
5A
94
86
A8
21
66
18
A1
09
94
04
96
20
A2
94
69
5A
80
28
05
58
0A
A2
62
18
92
56
1A
4A
2A
81
A2
20
24
51
69
49
66
16
11
40
02
00
A9
89
54
19
A4
A6
58
29
8A
AA
56
A6
89
18
48
A4
98
49
05
21
62
A0
9A
60
A2
1A
56
18
55
98
82
92
54
42

