02
6A
05
24
84
9A
52
64
96
14
82
69
92
56
2A
00
42
56
61
85
88
26
66
51
46
66
5A
26
49
98
5A
A5
22
92
66
90
80
62
28
00
94
14
59
26
56
69
65
0A
5A
69
06
8A
64
50
99
48
46
26
A4
A9
A8
95
26
AA
9A
A6
69
A5
21
2A
62
6A
54
A5
69
90
9A
59
52
09
5A
2A
A1
69
A6
55
A1
81
66
12
06
90
26
69
1A
82
58
A0
09
A5
61
91
16
A9
A9
AA
16
45
99
44
88
54
62
45
A5
56
A9
02
44
8A
56
25
29
95
8A
62
46
9A
51
29
29
69
88
88
68
16
15
62
98
10
59
1A
98
91
86
61
18
19
16
41
98
90
A2
06
65
65
1A
92
25
69
46
A9
49
56
98
96
60
56
14
54
50
4A
65
90
6A
92
01
14
96
69
46
69
25
66
16
59
96
95
16
49
51
50
A6
90
5A
A8
96
96
12
55
60
A1
61
24
A8
50
A0
5A
91
A6
92
16
6A
41
66
56
88
65
60
19
48
28
92
1A
58
29
A9
42
A1
41
9A
98
65
02
68
65
A0
29
54
15
01
A0
44
A2
09
98
A6
04
11
01
08
09
2A
4A
24
A9
81
65
00
99
51
85
00
59
5A
95
A5
81
46
54
A9
A6
4A
92
9A
94
92
A6
26
64
9A
19
86
98
82
61
94
69
50
21
09
56
98
62
69
65
65
4A
66
55
4A
56
A5
44
26
56
59
98
95
65
24
55
21
66
95
AA
A5
22
94
65
52
01
60
99
50
19
04
95
94
96
9A
A6
84
49
51
A5
A1
56
91
00
88
64
05
66
05
21
29
68
52
89
52
59
1A
85
29
20
80
94
21
19
95
61
A2
45
22
0A
A0
96
9A
41
89
00
88
61
55
94
64
44
9A
AA
A2
54
A6
94
5A
A5
12
8A
82
40
9A
1A
01
4A
4A
20
26
8A
84
4A
A2
A9
60
06
6A
96
86
8A
11
92
AA
A1
A9
21
42
4A
25
24
A9
54
5A
00
52
8A
5A
61
48
54
95
52
5A
A1
66
96
A6
AA
95
A4
44
A5
98
18
62
50
65
AA
5A
4A
49
04
45
56
94
06
62
41
2A
8A
45
41
11
49
A0
15
91
61
56
98
8A
69
A6
89
82
64
49
16
68
4A
9A
22
2A
18
9A
52
86
56
49
69
92
A1
01
24
59
65
24
46
64
28
AA
81
8A
40
68
95
58
69
98
19
15
91
A6
9A
A4
91
8A
25
64
45
96
84
49
21
A5
09
4A
A9
25
20
25
68
19
28
A5
A6
60
56
09
92
42
8A
18
58
AA
01
80
52
4A
A6
85
89
65
95
6A
A4
A1
95
95
14
A8
24
59
56
82
18
8A
21
62
0A
28
61
95
65
15
69
A4
06
22
A5
14
66
60
05
91
66
86
96
15
96
05
0A
84
66
25
4A
55
91
8A
25
60
91
22
65
48
69
56
91
41
49
26
66
46
44
98
65
2A
90
26
69
8A
22
22
25
50
92
51
A2
86
90
A8
12
62
58
6A
94
41
A4
89
A1
8A
55
00
65
1A
5A
A4
56
98
A8
94
AA
A9
56
26
19
50
4A
26
59
55
A8
22
58
12
51
94
AA
98
59
65
11
66
A0
91
6A
99
96
54
25
41
59
6A
A4
15
44
12
92
09
69
60
89
24
46
15
9A
69
6A
91
61
69
51
66
A1
54
16
99
22
28
A4
25
50
21
19
45
A6
54
90
29
12
A0
29
6A
85
96
9A
96
50
60
29
59
A9
41
84
25
58
58
94
98
96
56
A4
11
56
68
88
96
95
A6
56
40
06
1A
91
56
69
64
5A
A5
29
09
5A
89
51
66
61
80
2A
19
A4
24
09
51
41
54
59
05
A5
A8
61
A5
96
98
46
66
94
9A
19
66
92
45
26
49
0A
A9
50
65
24
8A
95
AA
25
45
94
AA
59
25
95
59
95
58
A4
69
46
16
51
05
99
40
A2
61
45
11
62
02
99
A1
86
55
16
52
59
95
9A
A0
A2
0A
4A
11
14
10
56
68
15
96
A0
A9
6A
45
14
A5
46
6A
A4
18
45
45
49
85
56
1A
A5
42
68
16
2A
1A
11
54
14
06
94
15
A9
09
91
26
01
96
89
90
29
64
05
69
91
25
6A
5A
69
25
02
9A
9A
61
96
A2
6A
4A
59
62
02
08
08
00
91
1A
65
68
19
9A
28
68
05
16
99
9A
69
AA
28
A4
85
A6
49
8A
26
99
A8
9A
A6
69
68
81
59
15
49
24
42
45
16
65
16
66
5A
60
A6
85
58
51
9A
16
99
54
98
55
9A
19
29
14
55
66
65
45
9A
6A
44
90
62
28
29
21
50
09
09
5A
95
86
25
18
69
56
06
A5
66
69
1A
05
1A
52
28
21
50
68
61
24
5A
9A
15
99
15
6A
1A
21
09
61
66
66
58
66
19
26
29
48
64
46
99
10
9A
56
24
55
A9
12
A1
00
61
10
28
65
2A
65
A2
95
89
6A
21
65
06
19
18
62
4A
81
68
49
9A
1A
65
A9
98
59
8A
90
46
86
96
A8
62
55
42
5A
25
24
66
15
A5
A8
61
41
15
96
6A
60
51
25
10
86
99
89
44
08
2A
15
58
91
A4
40
44
95
A5
22
22
81
5A
42
62
9A
42
A4
40
0A
98
25
8A
59
89
6A
64
44
51
6A
5A
A6
62
95
12
42
68
68
94
59
A9
06
8A
51
58
19
A5
48
99
AA
49
5A
06
51
68
55
66
62
00
A2
58
59
19
26
64
65
52
95
91
41
40
92
A6
40
56
69
45
6A
56
51
29
88
66
08
95
61
25
96
A5
85
29
95
2A
90
99
2A
12
8A
9A
66
24
90
49
62
2A
12
9A
04
A8
44
5A
94
52
22
92
28
99
9A
42
A4
69
21
88
55
A6
25
48
A8
95
16
20
54
06
15
91
44
95
0A
A4
11
41
59
66
AA
66
A6
A6
94
91
25
A5
2A
66
8A
15
69
01
84
46
5A
82
64
51
99
5A
08
85
69
4A
51
A5
66
14
18
26
68
A4
68
54
26
55
06
45
19
61
56
10
A1
59
66
68
41
15
8A
15
24
62
42
48
66
21
58
2A
4A
05
99
66
50
58
68
A0
88
44
92
26
96
96
68
22
26
65
A0
91
64
82
08
01
29
05
54
22
11
20
69
0A
99
12
65
A6
5A
45
54
60
58
69
A6
66
12
99
40
82
2A
29
2A
A9
95
99
24
02
24
96
56
12
99
52
25
46
1A
00
56
60
94
52
52
48
24
88
84
68
66
49
A5
69
49
64
5A
41
A6
64
28
A6
26
42
A6
10
54
81
69
9A
44
49
24
66
28
11
12
98
A5
00
15
65
A9
25
AA
81
A2
81
58
48
92
69
51
09
92
95
65
61
68
16
14
12
40
05
24
50
41
69
98
99
29
19
A1
98
A2
AA
61
26
09
58
22
92
62
09
51
51
89
42
62
88
46
61
A9
92
05
49
42
5A
44
A4
44
94
2A
82
01
A8
A9
A6
A5
69
45
20
A4
06
64
A4
24
15
66
02
18
20
2A
81
28
A0
26
62
65
69
12
04
12
69
A0
49
6A
61
22
99
89
05
14
96
54
20
A4
68
5A
02
09
95
94
6A
56
82
80
82
9A
69
2A
81
66
64
65
8A
0A
A9
61
5A
22
55
6A
96
6A
15
06
86
09
A6
A1
95
9A
45
0A
18
A5
61
66
61
49
9A
5A
61
44
15
A1
82
86
25
95
22
A2
66
61
A8
61
65
60
89
A2
0A
69
20
91
51
56
AA
A2
51
59
50
49
42
A8
09
12
15
A5
AA
44
62
88
41
92
00
A9
69
08
08
01
1A
46
A9
00
52
58
49
51
09
46
AA
90
65
AA
28
A2
2A
A0
A1
8A
86
56
A5
9A
A0
4A
88
89
62
92
52
8A
96
90
42
41
59
A2
15
58
20
50
A8
89
50
88
60
49
19
5A
59
66
A1
A2
28
64
28
61
46
A9
65
06
9A
52
9A
21
14
A2
65
50
40
91
46
19
0A
25
0A
A1
58
A6
11
69
5A
A4
22
5A
62
A9
A9
49
11
1A
96
A0
24
22
54
54
45
90
25
A8
16
54
41
45
49
85
11
61
11
A0
92
99
6A
A8
A1
81
82
88
65
A5
94
24
65
2A
02
50
A6
29
A4
11
A2
96
45
2A
89
9A
69
86
64
86
9A
A1
A8
21
06
6A
A9
25
94
12
54
61
55
06
56
18
19
16
A9
28
A5
84
54
58
A6
22
A1
99
64
94
41
42
1A
64
95
45
9A
20
99
A8
86
A5
80
81
01
68
58
50
94
55
55
68
65
51
49
65
9A
68
AA
A6
81
65
59
A4
58
A5
09
A9
68
19
5A
59
42
26
A4
10
A1
50
54
66
A9
9A
65
95
42
96
26
A6
99
45
56
54
89
64
41
26
92
91
94
48
90
54
58
25
89
58
0A
A9
A5
56
81
69
50
A5
45
28
9A
2A
8A
55
A8
25
04
19
52
50
A9
64
4A
45
56
52
A5
9A
59
1A
20
06
59
59
90
91
64
21
A4
AA
40
A4
22
28
96
5A
64
50
26
90
60
59
16
26
02
91
89
12
A6
A8
66
5A
19
06
58
A1
01
58
18
AA
19
49
1A
41
8A
14
50
19
28
54
A9
55
25
09
15
18
1A
04
86
94
21
A9
58
1A
24
56
A6
65
21
04
14
52
16
91
05
04
A9
84
06
82
02
62
12
50
01
54
54
06
A6
50
A4
86
62
19
29
15
52
12
05
60
A0
52
A4
60
14
18
95
56
12
A4
29
99
01
42
0A
90
61
89
58
A4
06
89
2A
98
60
45
19
A2
80
81
65
14
15
0A
19
1A
42
81
5A
19
18
0A
58
82
A6
66
6A
65
5A
00
A4
45
88
11
48
06
96
95
25
82
40
85
88
51
54
90
56
58
06
86
46
11
56
49
60
51
06
2A
58
11
56
9A
24
A8
46
12
89
A6
12
06
88
6A
58
61
04
50
98
56
09
9A
81
99
25
A6
9A
64
84
A0
66
06
26
84
95
08
0A
65
99
54
84
2A
80
66
28
56
52
A9
AA
26
88
89
29
45
A5
68
09
5A
19
A2
19
A2
24
5A
92
66
59
82
52
26
60
10
95
58
15
28
A2
A5
26
44
58
88
59
41
51
A4
04
58
20
80
66
58
46
2A
91
86
52
90
95
84
49
14
99
92
84
52
A8
A6
66
55
62
A2
96
5A
A5
05
05
58
68
A4
90
99
A0
40
88
A0
05
82
19
A4
55
1A
26
45
A8
85
10
66
68
AA
62
56
91
65
22
A1
66
88
20
1A
56
01
99
24
60
9A
98
40
51
05
40
65
62
6A
58
56
84
85
9A
52
A9
52
59
88
89
58
04
4A
85
60
44
12
A6
1A
09
58
6A
A4
64
22
99
91
29
6A
66
02
99
9A
94
44
15
20
86
2A
26
8A
40
95
26
A5
25
54
91
84
85
44
1A
08
56
01
66
45
60
5A
96
98
50
1A
12
68
88
AA
40
5A
91
05
A1
A9
16
01
64
82
51
82
19
89
18
61
65
46
A2
24
95
9A
85
92
89
89
62

