69
95
08
89
95
51
82
90
10
2A
96
51
16
56
80
69
91
41
A4
66
5A
96
8A
19
68
19
05
A4
A4
26
55
04
86
04
8A
86
89
45
2A
95
9A
98
12
22
58
24
95
2A
18
24
92
24
15
94
26
91
04
46
09
61
45
1A
66
90
11
A5
69
25
42
20
68
66
16
A4
6A
26
55
45
54
41
94
A0
A8
99
8A
41
16
19
2A
85
82
A9
A2
54
62
84
06
A4
09
69
40
2A
51
06
85
0A
46
99
24
15
5A
46
84
85
68
A0
65
48
86
64
22
49
24
59
91
28
22
6A
A6
56
90
20
A4
86
86
09
26
69
09
28
5A
60
49
45
A8
29
52
4A
88
4A
45
50
88
54
86
98
98
26
0A
09
55
09
89
55
19
05
15
95
66
2A
42
24
62
A4
14
01
8A
6A
29
A2
A5
54
52
89
A9
28
59
56
59
59
54
16
6A
11
84
09
11
08
01
56
69
58
A9
44
A6
16
12
26
85
52
AA
59
90
08
18
91
44
A8
01
86
95
A0
40
48
68
06
40
44
6A
18
80
25
A8
08
50
81
80
21
06
02
A1
19
51
24
58
04
61
84
29
A1
01
46
19
52
08
42
26
91
50
52
A8
50
16
A5
80
20
16
12
92
A0
99
14
50
11
80
92
44
84
A0
8A
08
25
46
21
94
08
91
21
51
A2
48
15
58
58
2A
15
99
91
96
84
68
65
56
4A
58
19
66
19
55
61
01
65
95
64
24
40
6A
55
62
5A
86
49
68
92
29
84
65
A0
61
24
9A
14
28
60
15
22
59
20
98
29
92
95
14
25
56
69
46
6A
81
14
04
91
A0
86
45
56
A5
84
6A
96
A4
94
21
80
4A
94
15
69
94
0A
A4
24
28
A0
28
18
19
55
69
91
12
1A
09
65
69
82
21
84
24
48
65
A1
16
15
99
29
82
18
14
08
99
9A
A9
28
95
68
62
14
41
10
11
62
6A
2A
95
58
68
42
26
56
25
91
09
A5
6A
52
58
96
09
91
9A
42
40
9A
08
A1
92
16
AA
46
94
2A
60
91
40
1A
A9
A1
A8
41
22
A6
5A
A9
25
95
29
65
55
00
59
62
28
9A
22
A4
15
50
51
19
A9
9A
4A
56
56
AA
41
6A
15
51
A0
19
42
16
40
A2
62
12
86
68
86
68
02
A6
AA
46
96
0A
94
49
09
49
22
48
58
22
66
81
89
9A
41
61
98
25
58
28
95
42
11
62
62
A1
0A
66
80
41
66
16
90
56
68
00
54
64
66
A6
99
59
9A
99
55
A1
99
44
04
62
94
64
15
AA
91
90
99
05
A5
99
22
4A
48
A9
51
A0
AA
58
50
01
A9
A9
96
96
91
54
6A
65
80
89
69
16
91
1A
26
60
81
14
24
52
86
26
04
21
61
41
50
56
A5
69
11
20
08
92
09
A1
81
05
25
05
45
89
00
20
14
18
81
00
10
12
04
16
2A
64
11
20
01
90
56
20
56
A9
60
29
A0
A5
82
14
80
A9
06
69
8A
24
12
46
50
28
99
28
4A
16
42
14
64
A5
02
11
64
0A
88
25
95
50
52
92
A1
15
22
50
01
54
A2
A8
26
2A
16
0A
A9
95
55
A2
58
98
56
12
01
59
49
0A
19
59
62
25
89
00
09
84
84
95
AA
16
59
A9
04
92
29
02
8A
51
29
46
A9
52
55
66
00
42
A4
95
4A
40
04
92
44
10
28
11
A4
52
24
22
90
26
6A
96
24
9A
86
80
28
21
98
85
02
A5
A8
04
25
65
45
94
A2
00
48
00
66
58
2A
86
A9
65
09
22
86
10
58
98
0A
21
56
61
55
20
98
20
51
59
49
51
8A
85
46
81
24
08
01
98
9A
15
4A
21
66
91
16
62
51
58
99
68
A1
49
12
A6
10
92
58
45
54
56
6A
A2
61
40
15
80
A5
05
A6
59
45
0A
15
88
82
4A
A2
24
A1
69
61
20
26
86
24
01
06
2A
56
A6
19
04
A1
A1
95
A4
A2
11
99
94
18
85
A9
91
58
19
10
8A
24
A4
6A
84
A6
66
46
A9
AA
A8
60
82
14
05
9A
15
A8
81
A1
00
61
66
09
28
95
19
69
96
64
96
91
49
96
4A
96
9A
60
28
4A
A2
25
86
A5
A6
6A
69
61
A9
5A
68
1A
62
0A
05
42
42
84
A5
82
85
55
58
05
61
25
69
9A
24
9A
86
25
54
41
28
92
90
05
61
A2
85
A6
9A
12
65
8A
91
6A
05
A6
98
62
62
28
18
28
A1
11
46
49
A9
64
85
92
58
68
48
52
AA
2A
8A
01
55
A4
AA
15
88
A5
01
20
85
22
10
00
10
41
58
02
60
4A
00
00
41
15
84
44
15
19
01
21
20
90
29
14
52
44
60
89
21
81
26
00
A4
42
00
96
69
A1
06
55
10
00
2A
4A
2A
00
61
A0
42
10
11
A8
21
90
A2
1A
6A
A4
A0
4A
9A
25
90
1A
89
19
00
40
9A
44
01
81
A0
61
42
50
01
06
05
A2
A9
A0
29
12
11
91
48
11
69
05
08
0A
19
1A
A6
26
91
11
16
20
A1
09
A1
49
A4
51
48
48
89
12
66
62
54
55
92
59
94
18
9A
91
16
89
12
A9
69
60
46
81
18
88
94
05
82
21
91
61
44
56
81
11
28
21
54
95
54
94
41
9A
45
56
64
48
86
90
48
89
95
65
54
A6
95
12
50
04
16
8A
A2
85
5A
42
81
44
29
9A
96
52
49
18
12
68
00
81
58
58
6A
68
29
40
60
61
20
59
04
88
99
90
20
41
4A
92
62
62
9A
59
0A
98
A1
08
54
99
95
A9
88
86
A4
99
25
89
29
A4
A1
40
26
68
55
92
89
16
84
22
16
04
A8
41
05
16
48
A6
62
96
A4
80
40
A0
91
92
A0
56
60
54
96
44
25
21
98
52
A8
55
11
02
99
05
25
01
10
42
16
14
85
16
6A
55
91
48
02
51
15
28
65
15
1A
91
A8
44
28
4A
62
95
54
A2
69
41
64
9A
16
85
0A
69
68
A6
A5
99
96
46
A0
68
A9
16
64
A1
96
42
56
19
2A
94
A9
55
A6
66
85
A9
A4
85
A1
AA
22
65
99
22
58
95
94
49
84
01
6A
54
09
15
64
54
19
21
46
46
28
A6
96
88
90
49
9A
51
51
4A
A6
A9
91
55
86
68
52
2A
A1
95
09
99
11
5A
56
58
A5
04
94
A4
40
08
20
69
85
84
61
00
0A
28
2A
40
81
28
A1
22
2A
24
18
08
90
94
06
15
08
12
19
61
12
48
50
08
00
0A
60
00
90
49
14
86
18
92
20
51
89
A5
42
28
62
68
84
42
21
40
5A
84
A0
0A
48
24
88
28
00
14
15
A1
51
69
0A
98
90
20
A4
22
01
18
85
61
14
40
98
8A
25
9A
00
20
64
0A
1A
86
18
84
12
A0
A5
20
28
20
15
A0
11
A2
98
2A
04
01
59
46
16
2A
25
8A
41
62
90
5A
9A
05
AA
48
65
5A
99
02
55
65
A0
58
66
A1
A9
40
68
6A
68
65
90
96
59
88
96
5A
25
68
60
85
05
A2
12
59
15
80
48
02
A1
48
16
51
A6
06
64
52
54
55
08
49
6A
80
08
5A
14
80
10
96
06
45
41
56
2A
09
52
65
95
29
50
48
8A
52
8A
A4
12
2A
4A
52
52
14
52
91
11
4A
12
58
89
A1
49
26
55
1A
55
2A
29
85
6A
A2
10
80
15
56
92
A5
28
65
85
52
AA
46
41
68
90
10
55
AA
2A
69
A1
5A
A5
50
A1
20
81
2A
5A
A8
09
50
A0
88
85
52
28
1A
84
68
89
26
A8
4A
20
42
22
61
49
0A
56
91
5A
86
85
A5
A6
A5
A4
2A
91
44
A6
A4
48
85
08
A9
25
28
62
10
84
65
66
85
14
89
59
9A
8A
61
69
66
66
A5
00
11
AA
A2
68
58
96
94
05
19
69
54
99
55
2A
56
15
19
5A
06
1A
62
85
85
09
29
18
5A
21
21
4A
99
06
42
5A
14
61
20
5A
92
A5
86
61
60
04
49
24
01
80
69
29
69
96
90
8A
49
49
65
64
54
15
46
AA
22
59
51
94
A0
86
15
59
6A
84
80
49
25
44
A9
51
12
A8
48
84
20
48
82
48
18
49
12
02
02
40
52
06
19
89
9A
20
88
5A
05
10
02
12
19
08
8A
80
08
08
00
98
41
85
5A
58
49
09
69
10
01
48
26
19
80
86
86
20
21
82
06
12
9A
58
41
61
04
62
01
44
8A
54
0A
82
28
05
00
64
94
82
96
25
94
88
25
81
06
10
45
61
0A
A1
81
41
48
46
59
02
08
22
19
01
49
49
21
96
56
64
91
64
A9
85
22
61
95
A2
4A
89
1A
A6
46
64
9A
A9
52
08
49
66
6A
1A
5A
52
5A
15
26
01
20
A1
68
92
5A
18
8A
1A
89
95
52
28
99
A0
A6
88
85
A9
52
A1
46
55
21
24
22
99
4A
85
04
58
85
56
05
65
8A
A1
A4
68
51
84
56
00
55
8A
54
26
08
26
81
95
86
A2
2A
14
5A
92
90
84
48
A2
5A
A8
88
1A
51
12
00
26
42
55
06
15
28
24
99
2A
62
85
06
49
90
54
9A
01
81
44
10
1A
A8
54
41
A0
54
96
5A
82
8A
2A
6A
95
40
A5
A2
16
04
99
64
A8
41
59
96
1A
04
98
54
98
9A
96
15
96
2A
14
65
00
69
98
14
65
92
99
45
58
A8
02
50
59
49
21
A2
58
65
6A
6A
A2
A4
9A
1A
61
41
4A
02
A1
55
19
92
06
52
56
59
48
98
68
48
6A
21
8A
68
64
99
A6
90
92
A9
A8
61
50
59
99
98
96
9A
46
22
89
68
5A
A2
49
54
96
56
A2
99
51
24
95
9A
A1
84
9A
2A
69
6A
90
06
22
84
51
49
69
86
64
49
09
06
59
09
49
99
58
28
42
85
42
54
06
52
15
06
95
59
45
16
A4
44
A6
19
2A
A4
11
A4
A0
16
A9
19
96
41
A5
62
99
9A
89
42
80
89
AA
01
69
45
8A
68
06
41
85
21
04
48
A9
61
04
05
28
20
26
28
95
81
21
04
A1
01
A4
16
18
54
21
06
66
41
04
40
62
22
50
20
A2
A8
05
85
80
48
A5
68
00
80
18
29
00
12
42
02
44
A0
A9
A8
55
AA
24
50
45
40
00
08
88
12
01
14
40
99
28
54
4A
01
10
11
66
24
50
82
4A
4A
05
86
40
A0
42
A2
40
81
80
A2
94
86
11
41
58
6A
10
26
51
99
A9
5A
A2
68
A6
89
AA
A2
50
66
05
01
25
82
69
11
56
55
52
10
A0
9A
8A
2A
6A
54
A6
69
40
A0
AA
59
5A
09
49
18
82
06
48
26
96
25
04
62
82
A2
86
91
91
92
9A
5A
29
88
81
80
91
5A
90
89
18
8A
09
68
65
29
58
69
94
06
9A
14
46
59
19
8A
A6
24
12
69
A9
86
95
65
9A
29
26

