2A
59
2A
21
65
51
69
82
2A
96
5A
8A
55
96
14
66
95
A6
49
62
95
61
94
A5
1A
90
85
54
86
04
25
45
58
46
4A
2A
64
69
44
6A
6A
19
42
96
51
59
0A
46
40
62
2A
A6
22
21
95
29
16
55
AA
99
88
A2
89
9A
88
A9
12
61
65
A0
90
52
48
59
86
A1
20
68
26
59
A5
94
69
46
1A
58
21
59
A9
29
68
94
65
A8
0A
44
96
10
12
54
A9
51
1A
9A
09
98
62
91
55
92
2A
59
14
52
A9
2A
55
05
5A
A2
98
A8
A5
91
41
6A
95
92
55
45
90
01
20
06
49
60
56
90
15
02
69
25
A9
88
26
91
A4
29
66
15
95
A8
95
69
26
45
61
86
01
59
6A
12
45
58
A9
94
28
28
2A
99
A6
42
46
AA
46
55
55
80
00
A2
09
8A
55
95
29
44
58
2A
5A
96
29
A6
94
86
92
96
1A
62
56
60
24
A5
A2
22
61
2A
59
A6
AA
A5
99
40
1A
12
6A
14
0A
65
80
82
22
1A
88
92
86
28
4A
54
85
26
92
59
18
45
58
A5
49
68
89
69
05
52
85
56
16
54
88
95
45
42
85
99
9A
29
96
0A
95
9A
61
99
59
A6
66
A9
52
99
8A
06
1A
16
40
A2
62
12
52
2A
6A
5A
1A
0A
A5
25
69
66
A5
16
56
86
29
45
65
19
00
82
65
85
44
88
40
19
22
2A
55
08
AA
92
86
04
64
56
50
29
89
22
6A
95
15
46
51
14
15
A6
16
AA
26
5A
49
99
50
60
56
45
95
81
2A
86
29
89
40
65
82
58
69
08
2A
15
19
0A
A4
12
85
16
51
21
96
A1
48
2A
02
08
94
08
16
46
9A
66
24
55
55
92
44
6A
60
10
56
A4
91
69
94
80
56
89
8A
85
A0
11
62
45
95
4A
96
89
00
15
A9
60
15
49
62
60
12
21
04
04
41
A6
26
80
21
A1
96
44
49
12
4A
84
66
89
09
46
0A
45
65
12
51
95
49
58
5A
26
24
61
68
18
24
08
A4
55
91
86
21
56
59
48
22
28
A1
12
08
96
06
10
86
09
24
05
64
09
46
6A
66
96
86
25
16
42
0A
12
9A
15
A4
59
8A
A4
65
25
46
51
96
AA
66
A5
12
69
59
94
8A
91
44
29
95
95
55
19
46
A8
4A
56
12
54
1A
65
80
45
4A
11
80
6A
82
A4
55
11
81
88
88
90
AA
56
A2
AA
29
20
02
58
98
11
61
1A
54
89
19
86
66
00
49
1A
64
8A
58
A6
96
A6
15
91
99
90
05
2A
A4
A4
62
A5
85
AA
54
1A
86
A2
18
25
91
9A
6A
55
5A
61
91
91
69
18
45
65
92
44
42
58
44
15
15
91
65
99
12
AA
59
16
9A
24
10
A6
56
42
14
A5
55
22
98
69
49
58
20
14
02
59
A6
44
A1
50
56
A5
A5
8A
90
92
26
96
91
80
46
86
49
55
50
08
21
49
A5
60
0A
58
A4
95
4A
68
4A
81
89
90
A8
6A
54
A9
9A
A2
89
48
99
82
66
16
25
20
48
09
09
40
68
5A
A9
52
29
92
86
86
28
18
16
92
59
16
41
1A
61
55
98
80
8A
0A
66
24
50
01
6A
98
20
25
A8
65
92
20
20
22
82
AA
A4
64
48
49
44
29
4A
98
8A
20
A6
94
2A
2A
21
88
A8
A8
AA
82
56
91
44
49
60
49
84
A6
12
A6
A6
96
50
0A
11
11
84
8A
5A
45
9A
69
86
64
44
49
02
08
29
0A
29
A0
84
6A
96
92
04
00
81
92
88
22
22
64
06
66
96
10
19
95
56
59
A6
58
50
24
65
16
54
96
A6
20
A2
62
16
4A
A5
4A
64
A0
A4
14
56
11
59
92
86
A2
95
08
24
6A
81
6A
25
2A
24
54
02
56
92
89
A1
99
25
61
51
19
40
A8
10
09
59
A1
22
9A
82
65
A9
45
82
68
92
2A
29
09
4A
24
4A
54
A8
49
15
11
59
54
5A
15
52
55
08
2A
55
04
15
99
28
06
50
2A
88
90
4A
99
19
10
98
86
05
2A
A6
98
28
61
56
94
50
28
28
24
92
90
18
89
90
1A
96
22
62
A1
69
59
99
42
9A
96
66
9A
99
18
A6
98
91
96
85
24
66
21
46
95
61
A6
2A
81
52
98
95
96
5A
14
69
88
69
86
51
69
11
51
95
28
4A
4A
54
44
65
69
69
94
66
58
26
4A
91
55
50
A1
9A
95
96
54
66
6A
95
64
09
A2
09
12
A0
61
19
25
65
42
45
00
22
98
61
89
51
9A
98
9A
29
80
45
AA
64
A0
62
84
A8
6A
65
AA
5A
06
58
1A
22
99
19
02
96
5A
92
A8
81
25
15
A5
85
90
10
2A
81
A5
65
59
92
65
A0
15
69
22
A4
4A
59
94
88
89
95
94
11
00
44
09
94
44
91
16
91
99
64
95
60
A2
28
81
98
16
68
9A
81
98
58
28
44
99
1A
65
A8
28
44
AA
28
6A
62
82
A6
64
64
69
A8
66
82
56
A2
62
04
56
55
90
69
A9
A0
80
8A
45
88
96
86
41
9A
84
40
0A
84
89
51
41
14
45
49
05
92
6A
50
26
0A
26
A9
25
62
18
99
84
16
54
98
64
98
48
84
20
28
24
50
2A
65
40
6A
56
49
44
A4
51
14
5A
46
05
95
85
04
A4
40
98
4A
25
AA
98
59
1A
59
09
99
05
A5
68
44
51
4A
94
9A
69
04
55
54
AA
14
28
85
02
68
1A
99
49
90
51
18
92
29
99
96
66
00
08
90
08
65
22
AA
06
09
6A
15
44
56
0A
A0
05
54
8A
66
AA
A2
1A
91
29
A9
26
A5
41
06
2A
90
A8
A9
05
19
49
02
8A
A4
51
8A
68
55
98
25
45
02
82
45
49
4A
96
9A
95
92
A2
16
96
A5
2A
91
2A
60
28
65
A1
9A
90
AA
A9
26
89
08
09
19
65
8A
50
6A
6A
29
95
86
10
24
85
12
8A
59
A4
9A
04
15
96
82
91
9A
4A
12
A9
12
16
85
81
84
AA
09
5A
28
96
68
04
65
A6
5A
50
98
4A
59
96
A8
69
21
A4
68
0A
9A
A5
26
96
95
85
09
95
21
59
95
9A
68
61
26
45
88
91
99
99
80
55
6A
26
09
49
4A
86
55
55
41
AA
A5
89
96
95
66
41
59
92
84
6A
A8
48
9A
25
68
A4
A2
69
96
09
49
68
61
A0
69
41
12
65
15
95
56
A1
81
A9
A2
26
56
85
1A
84
84
54
58
86
64
41
66
1A
2A
86
89
52
A9
6A
0A
82
08
20
A2
25
98
8A
29
99
A0
89
66
25
48
12
96
68
92
1A
85
45
96
86
8A
19
25
09
11
46
12
6A
5A
69
8A
49
2A
12
61
96
A2
18
45
61
0A
05
65
56
98
AA
A8
64
81
88
9A
89
41
94
6A
41
64
A5
14
61
96
84
21
A2
06
80
89
54
41
11
9A
55
99
54
01
16
A6
62
1A
55
55
61
A5
4A
99
21
88
A4
A5
1A
A4
51
A9
A6
54
96
9A
56
68
40
14
62
25
15
A6
88
98
0A
05
80
41
A2
49
06
54
84
48
01
08
1A
A6
A6
54
64
95
09
54
51
62
25
96
26
69
51
06
24
65
54
56
25
41
AA
4A
00
99
19
82
A9
60
98
9A
16
09
10
99
96
12
06
29
51
A4
88
9A
68
61
49
80
A0
54
26
AA
48
A1
A2
A9
99
58
6A
66
11
A9
49
46
A0
A2
A1
66
A8
92
28
2A
1A
65
12
42
A8
91
64
81
56
11
99
55
92
9A
95
61
95
61
81
18
51
A9
86
29
15
54
69
85
11
A1
A4
64
60
A1
10
42
29
64
41
8A
64
09
55
8A
59
55
98
99
89
65
16
6A
68
18
A0
1A
06
15
16
15
86
14
46
A5
22
55
55
45
69
19
92
92
85
A5
56
29
54
02
95
18
6A
8A
48
16
50
62
42
49
A5
62
A5
80
56
91
06
41
59
85
51
58
A8
89
2A
6A
45
09
96
52
56
59
A9
66
95
56
82
68
54
41
52
66
98
14
4A
61
25
44
9A
6A
61
A5
09
16
52
19
5A
66
54
65
AA
50
64
6A
24
85
A1
48
29
69
45
5A
88
6A
06
56
96
A8
25
21
9A
94
59
9A
49
46
94
AA
22
15
66
6A
06
94
A8
69
96
84
A9
95
A5
A6
A4
45
29
66
A0
06
14
11
15
12
62
49
46
99
95
25
64
15
01
68
1A
8A
90
A5
29
16
49
81
29
12
A5
90
99
96
05
40
00
40
AA
59
81
AA
05
9A
68
6A
61
19
A1
81
99
88
A5
5A
54
95
95
08
61
A9
28
AA
21
51
61
50
54
52
10
0A
91
19
A6
40
26
12
12
44
65
19
06
15
54
02
40
29
0A
11
06
6A
16
42
A6
82
16
AA
02
21
6A
89
6A
14
61
88
29
12
84
5A
90
AA
0A
04
60
88
65
A9
86
59
56
60
2A
12
62
61
69
65
81
9A
A4
42
5A
91
6A
69
46
2A
56
62
66
01
41
16
66
82
4A
65
10
44
62
21
61
28
22
65
92
41
A2
9A
80
45
40
AA
80
56
1A
1A
22
A4
50
68
19
86
45
56
5A
25
58
AA
96
68
A6
19
99
5A
A1
92
98
41
98
50
41
25
AA
AA
46
00
1A
11
29
24
80
98
21
06
58
41
48
A6
85
24
88
88
98
60
24
1A
19
18
11
69
52
85
94
14
54
85
46
A5
5A
94
94
26
A9
08
21
6A
6A
22
A8
A6
26
AA
69
A4
94
10
2A
84
00
5A
51
45
86
0A
59
14
12
A1
45
A2
4A
4A
02
9A
68
29
66
86
80
86
29
60
95
A9
56
49
85
4A
04
02
6A
62
46
95
A4
84
81
15
10
25
24
14
95
6A
5A
14
AA
0A
51
5A
A9
90
91
A2
69
82
26
92
90
52
99
10
69
69
59
99
06
44
22
91
18
61
5A
A8
21
25
05
8A
98
98
86
59
42
02
86
94
A8
46
AA
0A
92
00
68
50
AA
A1
A9
51
5A
19
26
80
61
9A
92
84
40
06
06
86
69
94
11
25
22
4A
29
2A
19
92
40
44
52
55
80
59
96
AA
64
54
12
94
22
00
A8
65
60
08
89
6A
A9
A1
18
54
62
24
12
9A
15
0A
28
82
92
AA
26
88
AA
1A
20
19
94
AA
A0
48
11
46
66
A1
60
96
A4
A0
62
A9
61
25
55
49
24
12
A6
52
80
11
A6
A5
6A
AA
A8
2A
58
86
62
41
66
40
9A
41
09
AA
A8
24
08
49
62
95
6A
59
59
46
89
8A
56
2A
88
06
45
A5
15
64
29
04
86
12
14
09
22
65
A8
8A
45
89
A6
09
56
1A
A2
82
A9
65
25
55
46
51
AA
10
60
02
29
21
96
9A
84
82
25
0A
08
6A
26
01
80
55
02
22
A5
61
46
65
88
51
99
A5
5A
A4
05
1A
A0
A4
40
90
A5
55
6A
68
02
60
6A
02
98
56
5A
45
81
12
A6
55
59

