00000000000000000
00000000000000000
00000000000000000
00000000000000000
00000000000000000
00000000000000000
00000000000000000
00000000000000000
00000000000000000
00000000000000000
00000000000000000
00000000000000000
00000000000000000
00000000000000000
00000000000000000
00000000000000000
00000000000000000
00000000000000000
00000000000000000
00000000000000000
00000000000000000
00000000000000000
00000000000000000
00000000000000000
00000000000000000
00000000000000000
00000000000000000
00000000000000000
00000000000000000
00000000000000000
00000000000000000
00000000000000000
00000000000000000
00000000000000000
00000000000000000
00000000000000000
00000000000000000
00000000000000000
00000000000000000
00000000000000000
00000000000000000
00000000000000000
00000000000000000
00000000000000000
00000000000000000
00000000000000000
00000000000000000
00000000000000000
00000000000000000
00000000000000000
00000000000000000
00000000000000000
00000000000000000
00000000000000000
00000000000000000
00000000000000000
00000000000000000
00000000000000000
00000000000000000
00000000000000000
00000000000000000
00000000000000000
00000000000000000
00000000000000000
00000000000000000
00000000000000000
00000000000000000
00000000000000000
00000000000000000
00000000000000000
00000000000000000
00000000000000000
00000000000000000
00000000000000000
00000000000000000
00000000000000000
00000000000000000
00000000000000000
00000000000000000
00000000000000000
00000000000000000
00000000000000000
00000000000000000
00000000000000000
00000000000000000
00000000000000000
00000000000000000
00000000000000000
00000000000000000
00000000000000000
00000000000000000
00000000000000000
00000000000000000
00000000000000000
00000000000000000
00000000000000000
01101011101101010
01011110000010100
01010000100110011
01000100010000110
00111001010010111
00101111110101110
00100111110011000
00100001000001110
00011011010111011
00010110101001010
00010010101101101
00001111011110000
00001100110001101
00001010100011001
00001000101101100
00000111001100100
00000101111100000
00000100111001101
00000100000010111
00000011010101110
00000010110000011
00000010010001100
00000001111000001
00000001100011001
00000001010001111
00000001000011100
00000000110111110
00000000101110000
00000000100110000
00000000011111011
00000000011001111
00000000010101010
00000000010001101
00000000001110100
00000000001100000
00000000001001111
00000000001000001
00000000000110110
00000000000101100
00000000000100100
00000000000011110
00000000000011001
00000000000010100
00000000000010001
00000000000001110
00000000000001011
00000000000001001
00000000000000111
01101011101101010
01011110000010100
01010000100110011
01000100010000110
00111001010010111
00101111110101110
00100111110011000
00100001000001110
00011011010111011
00010110101001010
00010010101101101
00001111011110000
00001100110001101
00001010100011001
00001000101101100
00000111001100100
00000101111100000
00000100111001101
00000100000010111
00000011010101110
00000010110000011
00000010010001100
00000001111000001
00000001100011001
00000001010001111
00000001000011100
00000000110111110
00000000101110000
00000000100110000
00000000011111011
00000000011001111
00000000010101010
00000000010001101
00000000001110100
00000000001100000
00000000001001111
00000000001000001
00000000000110110
00000000000101100
00000000000100100
00000000000011110
00000000000011001
00000000000010100
00000000000010001
00000000000001110
00000000000001011
00000000000001001
00000000000000111
01110100011000111
01111111100110000
01111101001110100
01110011011111011
01100110011110001
01011000101111110
01001011101001101
00111111110100011
00110101011101110
00101100100100111
00100101000001101
00011110101101101
00011001011011000
00010101000001110
00010001011000100
00001110010111100
00001011110111011
00001001110010111
00001000000101101
00000110101011100
00000101100000111
00000100100011001
00000011110000011
00000011000110011
00000010100011110
00000010000111001
00000001101111100
00000001011100000
00000001001100000
00000000111110110
00000000110011110
00000000101010101
00000000100011010
00000000011101001
00000000011000000
00000000010011110
00000000010000011
00000000001101100
00000000001011001
00000000001001001
00000000000111100
00000000000110010
00000000000101001
00000000000100010
00000000000011100
00000000000010111
00000000000010011
00000000000001111
01110100011000111
01111111100110000
01111101001110100
01110011011111011
01100110011110001
01011000101111110
01001011101001101
00111111110100011
00110101011101110
00101100100100111
00100101000001101
00011110101101101
00011001011011000
00010101000001110
00010001011000100
00001110010111100
00001011110111011
00001001110010111
00001000000101101
00000110101011100
00000101100000111
00000100100011001
00000011110000011
00000011000110011
00000010100011110
00000010000111001
00000001101111100
00000001011100000
00000001001100000
00000000111110110
00000000110011110
00000000101010101
00000000100011010
00000000011101001
00000000011000000
00000000010011110
00000000010000011
00000000001101100
00000000001011001
00000000001001001
00000000000111100
00000000000110010
00000000000101001
00000000000100010
00000000000011100
00000000000010111
00000000000010011
00000000000001111
00010010000100000
01001111000101011
01110001111101110
01111111001000010
01111101111101111
01110100110010100
01101000000000010
01011010010010011
01001101000101111
01000001000110100
00110110100010101
00101101100000010
00100101110100010
00011111010111010
00011001111110010
00010101011111101
00010001110001000
00001110101011001
00001100000111110
00001010000000111
00001000010001001
00000110110100101
00000101101000101
00000100101001101
00000011110101110
00000011001010110
00000010100111011
00000010001010001
00000001110010000
00000001011110001
00000001001101101
00000001000000000
00000000110100111
00000000101011101
00000000100100000
00000000011101110
00000000011000100
00000000010100010
00000000010000101
00000000001101110
00000000001011011
00000000001001011
00000000000111110
00000000000110011
00000000000101010
00000000000100010
00000000000011100
00000000000010111
00010010000100000
01001111000101011
01110001111101110
01111111001000010
01111101111101111
01110100110010100
01101000000000010
01011010010010011
01001101000101111
01000001000110100
00110110100010101
00101101100000010
00100101110100010
00011111010111010
00011001111110010
00010101011111101
00010001110001000
00001110101011001
00001100000111110
00001010000000111
00001000010001001
00000110110100101
00000101101000101
00000100101001101
00000011110101110
00000011001010110
00000010100111011
00000010001010001
00000001110010000
00000001011110001
00000001001101101
00000001000000000
00000000110100111
00000000101011101
00000000100100000
00000000011101110
00000000011000100
00000000010100010
00000000010000101
00000000001101110
00000000001011011
00000000001001011
00000000000111110
00000000000110011
00000000000101010
00000000000100010
00000000000011100
00000000000010111
10011111001000010
11101011101101011
00110011110101110
01100011100101111
01111010110100000
01111111111001111
01111010000011000
01101110101001000
01100001001001111
01010011100100101
01000110111000101
00111011101000011
00110001110101011
00101001011111001
00100010011100011
00011100100011011
00010111101000010
00010011100010000
00010000001001001
00001101010101111
00001011000001001
00001001000110000
00000111100000101
00000110001100110
00000101000111101
00000100001110011
00000011011111001
00000010111000001
00000010011000000
00000001111101100
00000001100111100
00000001010101011
00000001000110100
00000000111010010
00000000110000000
00000000100111101
00000000100000110
00000000011011000
00000000010110010
00000000010010011
00000000001111001
00000000001100100
00000000001010010
00000000001000100
00000000000111000
00000000000101110
00000000000100110
00000000000011111
10011111001000010
11101011101101011
00110011110101110
01100011100101111
01111010110100000
01111111111001111
01111010000011000
01101110101001000
01100001001001111
01010011100100101
01000110111000101
00111011101000011
00110001110101011
00101001011111001
00100010011100011
00011100100011011
00010111101000010
00010011100010000
00010000001001001
00001101010101111
00001011000001001
00001001000110000
00000111100000101
00000110001100110
00000101000111101
00000100001110011
00000011011111001
00000010111000001
00000010011000000
00000001111101100
00000001100111100
00000001010101011
00000001000110100
00000000111010010
00000000110000000
00000000100111101
00000000100000110
00000000011011000
00000000010110010
00000000010010011
00000000001111001
00000000001100100
00000000001010010
00000000001000100
00000000000111000
00000000000101110
00000000000100110
00000000000011111
10000101010000011
10010101011000101
11011110100101000
00101001010111100
01011101101011010
01111000011110101
01111111111111100
01111011100000001
01110000101110011
01100011011010000
01010101101101001
01001000111000100
00111101010110100
00110011010100111
00101010110000011
00100011100001100
00011101011100001
00011000010111001
00010100001001100
00010000101010010
00001101110000110
00001011010111001
00001001011000101
00000111101111111
00000110011001100
00000101010010000
00000100010111000
00000011100110010
00000010111110001
00000010011100111
00000010000001100
00000001101010110
00000001011000010
00000001001000110
00000000111100000
00000000110001100
00000000101000111
00000000100001110
00000000011011111
00000000010111000
00000000010011000
00000000001111101
00000000001100111
00000000001010101
00000000001000110
00000000000111010
00000000000110000
00000000000100111
10000101010000011
10010101011000101
11011110100101000
00101001010111100
01011101101011010
01111000011110101
01111111111111100
01111011100000001
01110000101110011
01100011011010000
01010101101101001
01001000111000100
00111101010110100
00110011010100111
00101010110000011
00100011100001100
00011101011100001
00011000010111001
00010100001001100
00010000101010010
00001101110000110
00001011010111001
00001001011000101
00000111101111111
00000110011001100
00000101010010000
00000100010111000
00000011100110010
00000010111110001
00000010011100111
00000010000001100
00000001101010110
00000001011000010
00000001001000110
00000000111100000
00000000110001100
00000000101000111
00000000100001110
00000000011011111
00000000010111000
00000000010011000
00000000001111101
00000000001100111
00000000001010101
00000000001000110
00000000000111010
00000000000110000
00000000000100111
11011100001111000
10000011101000011
10011000001110110
11100010011001001
00101100101110001
01011111100101110
01111001010000000
01111111111111111
01111011000101010
01110000000110101
01100010101011110
01010101000100001
01001000010000100
00111100110100010
00110010110111100
00101010011000010
00100011001100000
00011101001001111
00011000001000101
00010011111110000
00010000100000000
00001101101000000
00001011010000100
00001001010010111
00000111101011010
00000110010101100
00000101001110110
00000100010100010
00000011100100001
00000010111100010
00000010011011011
00000010000000001
00000001101001111
00000001010111011
00000001001000001
00000000111011100
00000000110001001
00000000101000100
00000000100001011
00000000011011101
00000000010110110
00000000010010110
00000000001111100
00000000001100110
00000000001010100
00000000001000101
00000000000111001
00000000000101111
11011100001111000
10000011101000011
10011000001110110
11100010011001001
00101100101110001
01011111100101110
01111001010000000
01111111111111111
01111011000101010
01110000000110101
01100010101011110
01010101000100001
01001000010000100
00111100110100010
00110010110111100
00101010011000010
00100011001100000
00011101001001111
00011000001000101
00010011111110000
00010000100000000
00001101101000000
00001011010000100
00001001010010111
00000111101011010
00000110010101100
00000101001110110
00000100010100010
00000011100100001
00000010111100010
00000010011011011
00000010000000001
00000001101001111
00000001010111011
00000001001000001
00000000111011100
00000000110001001
00000000101000100
00000000100001011
00000000011011101
00000000010110110
00000000010010110
00000000001111100
00000000001100110
00000000001010100
00000000001000101
00000000000111001
00000000000101111
01010100000110000
11000001110111100
10000000001100101
10100100100010110
11110010010011100
00111000110110010
01100110011111010
01111011110100110
01111111101111111
01111001010001000
01101101100010101
01100000000000000
01010010011100010
01000101111001001
00111010101111101
00110001000110100
00101000110111001
00100001111010000
00011100000110001
00010111010000110
00010011001110110
00001111111000101
00001101001000010
00001010110101111
00001000111101000
00000111011001000
00000110000110100
00000101000010010
00000100001010001
00000011011011101
00000010110101010
00000010010101100
00000001111011100
00000001100101111
00000001010100001
00000001000101011
00000000111001010
00000000101111010
00000000100111000
00000000100000001
00000000011010100
00000000010101111
00000000010010001
00000000001110111
00000000001100010
00000000001010001
00000000001000011
00000000000110111
01010100000110000
11000001110111100
10000000001100101
10100100100010110
11110010010011100
00111000110110010
01100110011111010
01111011110100110
01111111101111111
01111001010001000
01101101100010101
01100000000000000
01010010011100010
01000101111001001
00111010101111101
00110001000110100
00101000110111001
00100001111010000
00011100000110001
00010111010000110
00010011001110110
00001111111000101
00001101001000010
00001010110101111
00001000111101000
00000111011001000
00000110000110100
00000101000010010
00000100001010001
00000011011011101
00000010110101010
00000010010101100
00000001111011100
00000001100101111
00000001010100001
00000001000101011
00000000111001010
00000000101111010
00000000100111000
00000000100000001
00000000011010100
00000000010101111
00000000010010001
00000000001110111
00000000001100010
00000000001010001
00000000001000011
00000000000110111
01111110101000110
00101000000100010
10100001001100111
10000010111000000
10111010110010011
00001001110111010
01001001100100010
01101111010000111
01111110100000100
01111110100110100
01110110000010111
01101001100001111
01011011110011011
01001110011111101
01000010010110010
00110111101010111
00101110011100100
00100110100110111
00100000000001111
00011010100010100
00010101111101000
00010010001001000
00001110111111110
00001100011000110
00001010001110110
00001000011100100
00000110111110010
00000101110000011
00000100110000001
00000011111011000
00000011001111001
00000010101010111
00000010001101001
00000001110100100
00000001100000001
00000001001111010
00000001000001100
00000000110110000
00000000101100101
00000000100100110
00000000011110011
00000000011001000
00000000010100101
00000000010001000
00000000001110000
00000000001011101
00000000001001100
00000000000111111
01111110101000110
00101000000100010
10100001001100111
10000010111000000
10111010110010011
00001001110111010
01001001100100010
01101111010000111
01111110100000100
01111110100110100
01110110000010111
01101001100001111
01011011110011011
01001110011111101
01000010010110010
00110111101010111
00101110011100100
00100110100110111
00100000000001111
00011010100010100
00010101111101000
00010010001001000
00001110111111110
00001100011000110
00001010001110110
00001000011100100
00000110111110010
00000101110000011
00000100110000001
00000011111011000
00000011001111001
00000010101010111
00000010001101001
00000001110100100
00000001100000001
00000001001111010
00000001000001100
00000000110110000
00000000101100101
00000000100100110
00000000011110011
00000000011001000
00000000010100101
00000000010001000
00000000001110000
00000000001011101
00000000001001100
00000000000111111
00110100110000000
01110100011111101
11101100100001000
10000111110000111
10010001111010010
11011001011100110
00100101010110101
01011011001010110
01110111011010101
01111111111100010
01111100000000110
01110001100000101
01100100001111111
01010110100011111
01001001101001010
00111110000011111
00110011111011100
00101011010000001
00100011111011101
00011101110011001
00011000101010100
00010100011001000
00010000110111000
00001101111011011
00001011100000011
00001001100000000
00000111110101111
00000110011110011
00000101010110001
00000100011010011
00000011101001000
00000011000000010
00000010011110111
00000010000011001
00000001101100001
00000001011001010
00000001001001110
00000000111100110
00000000110010001
00000000101001011
00000000100010001
00000000011100001
00000000010111010
00000000010011001
00000000001111111
00000000001101000
00000000001010110
00000000001000111
00110100110000000
01110100011111101
11101100100001000
10000111110000111
10010001111010010
11011001011100110
00100101010110101
01011011001010110
01110111011010101
01111111111100010
01111100000000110
01110001100000101
01100100001111111
01010110100011111
01001001101001010
00111110000011111
00110011111011100
00101011010000001
00100011111011101
00011101110011001
00011000101010100
00010100011001000
00010000110111000
00001101111011011
00001011100000011
00001001100000000
00000111110101111
00000110011110011
00000101010110001
00000100011010011
00000011101001000
00000011000000010
00000010011110111
00000010000011001
00000001101100001
00000001011001010
00000001001001110
00000000111100110
00000000110010001
00000000101001011
00000000100010001
00000000011100001
00000000010111010
00000000010011001
00000000001111111
00000000001101000
00000000001010110
00000000001000111
