10000000000000000
10000000000000000
10000000000000000
10000000000000000
10000000000000000
10000000000000000
10000000000000000
10000000000000000
10000000000000000
10000000000000000
10000000000000000
10000000000000000
10000000000000000
10000000000000000
10000000000000000
10000000000000000
10000000000000000
10000000000000000
10000000000000000
10000000000000000
10000000000000000
10000000000000000
10000000000000000
10000000000000000
10000000000000000
10000000000000000
10000000000000000
10000000000000000
10000000000000000
10000000000000000
10000000000000000
10000000000000000
10000000000000000
10000000000000000
10000000000000000
10000000000000000
10000000000000000
10000000000000000
10000000000000000
10000000000000000
10000000000000000
10000000000000000
10000000000000000
10000000000000000
10000000000000000
10000000000000000
10000000000000000
10000000000000000
10000000000000000
10000000000000000
10000000000000000
10000000000000000
10000000000000000
10000000000000000
10000000000000000
10000000000000000
10000000000000000
10000000000000000
10000000000000000
10000000000000000
10000000000000000
10000000000000000
10000000000000000
10000000000000000
10000000000000000
10000000000000000
10000000000000000
10000000000000000
10000000000000000
10000000000000000
10000000000000000
10000000000000000
10000000000000000
10000000000000000
10000000000000000
10000000000000000
10000000000000000
10000000000000000
10000000000000000
10000000000000000
10000000000000000
10000000000000000
10000000000000000
10000000000000000
10000000000000000
10000000000000000
10000000000000000
10000000000000000
10000000000000000
10000000000000000
10000000000000000
10000000000000000
10000000000000000
10000000000000000
10000000000000000
10000000000000000
01000101001010001
01010110110101100
01100011011011111
01101100010001110
01110010011101011
01110110101110010
01111001101001111
01111011101010100
01111101000010100
01111101111110110
01111110100111111
01111111000011111
01111111010111000
01111111100100000
01111111101101000
01111111110011000
01111111110111001
01111111111001111
01111111111011111
01111111111101001
01111111111110000
01111111111110101
01111111111111000
01111111111111011
01111111111111100
01111111111111101
01111111111111110
01111111111111110
01111111111111111
01111111111111111
01111111111111111
01111111111111111
01111111111111111
01111111111111111
01111111111111111
01111111111111111
01111111111111111
01111111111111111
01111111111111111
01111111111111111
01111111111111111
01111111111111111
01111111111111111
01111111111111111
10000000000000000
10000000000000000
10000000000000000
10000000000000000
01000101001010001
01010110110101100
01100011011011111
01101100010001110
01110010011101011
01110110101110010
01111001101001111
01111011101010100
01111101000010100
01111101111110110
01111110100111111
01111111000011111
01111111010111000
01111111100100000
01111111101101000
01111111110011000
01111111110111001
01111111111001111
01111111111011111
01111111111101001
01111111111110000
01111111111110101
01111111111111000
01111111111111011
01111111111111100
01111111111111101
01111111111111110
01111111111111110
01111111111111111
01111111111111111
01111111111111111
01111111111111111
01111111111111111
01111111111111111
01111111111111111
01111111111111111
01111111111111111
01111111111111111
01111111111111111
01111111111111111
01111111111111111
01111111111111111
01111111111111111
01111111111111111
10000000000000000
10000000000000000
10000000000000000
10000000000000000
11001010101110111
11110101110100101
00011010011111100
00110111001100001
01001100101101000
01011100001111001
01100111010000001
01101110111101001
01110100010011001
01110111111111001
01111010100001110
01111100010000101
01111101011100110
01111110010000101
01111110110100000
01111111001100001
01111111011100101
01111111100111111
01111111101111101
01111111110100110
01111111111000011
01111111111010110
01111111111100011
01111111111101100
01111111111110010
01111111111110111
01111111111111001
01111111111111011
01111111111111101
01111111111111110
01111111111111110
01111111111111111
01111111111111111
01111111111111111
01111111111111111
01111111111111111
01111111111111111
01111111111111111
01111111111111111
01111111111111111
01111111111111111
01111111111111111
01111111111111111
01111111111111111
01111111111111111
01111111111111111
01111111111111111
10000000000000000
11001010101110111
11110101110100101
00011010011111100
00110111001100001
01001100101101000
01011100001111001
01100111010000001
01101110111101001
01110100010011001
01110111111111001
01111010100001110
01111100010000101
01111101011100110
01111110010000101
01111110110100000
01111111001100001
01111111011100101
01111111100111111
01111111101111101
01111111110100110
01111111111000011
01111111111010110
01111111111100011
01111111111101100
01111111111110010
01111111111110111
01111111111111001
01111111111111011
01111111111111101
01111111111111110
01111111111111110
01111111111111111
01111111111111111
01111111111111111
01111111111111111
01111111111111111
01111111111111111
01111111111111111
01111111111111111
01111111111111111
01111111111111111
01111111111111111
01111111111111111
01111111111111111
01111111111111111
01111111111111111
01111111111111111
10000000000000000
10000001010001111
10011011010110101
11000101101110100
11110001000110001
00010110101110001
00110100011000100
01001010100111001
01011010101110101
01100110001011100
01101110001101010
01110011110011000
01110111101000110
01111010010010010
01111100000110010
01111101010101100
01111110001011101
01111110110000101
01111111001001111
01111111011011001
01111111100110111
01111111101110111
01111111110100010
01111111111000000
01111111111010100
01111111111100010
01111111111101011
01111111111110010
01111111111110110
01111111111111001
01111111111111011
01111111111111101
01111111111111101
01111111111111110
01111111111111111
01111111111111111
01111111111111111
01111111111111111
01111111111111111
01111111111111111
01111111111111111
01111111111111111
01111111111111111
01111111111111111
01111111111111111
01111111111111111
01111111111111111
01111111111111111
01111111111111111
10000001010001111
10011011010110101
11000101101110100
11110001000110001
00010110101110001
00110100011000100
01001010100111001
01011010101110101
01100110001011100
01101110001101010
01110011110011000
01110111101000110
01111010010010010
01111100000110010
01111101010101100
01111110001011101
01111110110000101
01111111001001111
01111111011011001
01111111100110111
01111111101110111
01111111110100010
01111111111000000
01111111111010100
01111111111100010
01111111111101011
01111111111110010
01111111111110110
01111111111111001
01111111111111011
01111111111111101
01111111111111101
01111111111111110
01111111111111111
01111111111111111
01111111111111111
01111111111111111
01111111111111111
01111111111111111
01111111111111111
01111111111111111
01111111111111111
01111111111111111
01111111111111111
01111111111111111
01111111111111111
01111111111111111
01111111111111111
10101100010101010
10000001100111100
10001010111101111
10101111100110000
11011011111011101
00000100111011111
00100110100100111
01000000010111000
01010011010101011
01100000111100111
01101010100101000
01110001010000101
01110101111001101
01111001000101110
01111011010001110
01111100110001100
01111101110011001
01111110100000000
01111110111110100
01111111010011010
01111111100001100
01111111101011010
01111111110001111
01111111110110011
01111111111001011
01111111111011100
01111111111100111
01111111111101111
01111111111110100
01111111111111000
01111111111111010
01111111111111100
01111111111111101
01111111111111110
01111111111111110
01111111111111111
01111111111111111
01111111111111111
01111111111111111
01111111111111111
01111111111111111
01111111111111111
01111111111111111
01111111111111111
01111111111111111
01111111111111111
01111111111111111
01111111111111111
10101100010101010
10000001100111100
10001010111101111
10101111100110000
11011011111011101
00000100111011111
00100110100100111
01000000010111000
01010011010101011
01100000111100111
01101010100101000
01110001010000101
01110101111001101
01111001000101110
01111011010001110
01111100110001100
01111101110011001
01111110100000000
01111110111110100
01111111010011010
01111111100001100
01111111101011010
01111111110001111
01111111110110011
01111111111001011
01111111111011100
01111111111100111
01111111111101111
01111111111110100
01111111111111000
01111111111111010
01111111111111100
01111111111111101
01111111111111110
01111111111111110
01111111111111111
01111111111111111
01111111111111111
01111111111111111
01111111111111111
01111111111111111
01111111111111111
01111111111111111
01111111111111111
01111111111111111
01111111111111111
01111111111111111
01111111111111111
00100100010011110
10111001001010101
10000100011100001
10000110110111100
10101000110001011
11010100110001011
11111110101101111
00100001101000011
00111100101000110
01010000101000101
01011111000100100
01101001001110010
01110000010101101
01110101010000100
01111000101001011
01111010111110001
01111100100100010
01111101101010010
01111110011001110
01111110111010010
01111111010000100
01111111011111101
01111111101001111
01111111110000111
01111111110101110
01111111111001000
01111111111011001
01111111111100110
01111111111101110
01111111111110011
01111111111110111
01111111111111010
01111111111111100
01111111111111101
01111111111111110
01111111111111110
01111111111111111
01111111111111111
01111111111111111
01111111111111111
01111111111111111
01111111111111111
01111111111111111
01111111111111111
01111111111111111
01111111111111111
01111111111111111
01111111111111111
00100100010011110
10111001001010101
10000100011100001
10000110110111100
10101000110001011
11010100110001011
11111110101101111
00100001101000011
00111100101000110
01010000101000101
01011111000100100
01101001001110010
01110000010101101
01110101010000100
01111000101001011
01111010111110001
01111100100100010
01111101101010010
01111110011001110
01111110111010010
01111111010000100
01111111011111101
01111111101001111
01111111110000111
01111111110101110
01111111111001000
01111111111011001
01111111111100110
01111111111101110
01111111111110011
01111111111110111
01111111111111010
01111111111111100
01111111111111101
01111111111111110
01111111111111110
01111111111111111
01111111111111111
01111111111111111
01111111111111111
01111111111111111
01111111111111111
01111111111111111
01111111111111111
01111111111111111
01111111111111111
01111111111111111
01111111111111111
01111010111001101
00011110010001100
10110101000011101
10000011011110001
10001000000100010
10101010111000000
11010110111111000
00000000100111111
00100011001000101
00111101110001101
01010001100001001
01011111101001001
01101001101001110
01110000101000001
01110101011101010
01111000110001111
01111011000100010
01111100101000101
01111101101101000
01111110011011101
01111110111011101
01111111010001011
01111111100000001
01111111101010010
01111111110001010
01111111110101111
01111111111001001
01111111111011010
01111111111100110
01111111111101110
01111111111110100
01111111111110111
01111111111111010
01111111111111100
01111111111111101
01111111111111110
01111111111111110
01111111111111111
01111111111111111
01111111111111111
01111111111111111
01111111111111111
01111111111111111
01111111111111111
01111111111111111
01111111111111111
01111111111111111
01111111111111111
01111010111001101
00011110010001100
10110101000011101
10000011011110001
10001000000100010
10101010111000000
11010110111111000
00000000100111111
00100011001000101
00111101110001101
01010001100001001
01011111101001001
01101001101001110
01110000101000001
01110101011101010
01111000110001111
01111011000100010
01111100101000101
01111101101101000
01111110011011101
01111110111011101
01111111010001011
01111111100000001
01111111101010010
01111111110001010
01111111110101111
01111111111001001
01111111111011010
01111111111100110
01111111111101110
01111111111110100
01111111111110111
01111111111111010
01111111111111100
01111111111111101
01111111111111110
01111111111111110
01111111111111111
01111111111111111
01111111111111111
01111111111111111
01111111111111111
01111111111111111
01111111111111111
01111111111111111
01111111111111111
01111111111111111
01111111111111111
01100000011111111
01101111111010001
00000111000111110
10100110011100100
10000000101111000
10001101010100010
10110011010100011
11011111100100110
00001000000000101
00101000111101111
01000010001101101
01010100101010010
01100001111010011
01101011001110111
01110001101110010
01110110001101010
01111001010011010
01111011011011010
01111100111000001
01111101110111100
01111110100011000
01111111000000101
01111111010100110
01111111100010100
01111111101011111
01111111110010010
01111111110110101
01111111111001101
01111111111011101
01111111111101000
01111111111101111
01111111111110101
01111111111111000
01111111111111010
01111111111111100
01111111111111101
01111111111111110
01111111111111110
01111111111111111
01111111111111111
01111111111111111
01111111111111111
01111111111111111
01111111111111111
01111111111111111
01111111111111111
01111111111111111
01111111111111111
01100000011111111
01101111111010001
00000111000111110
10100110011100100
10000000101111000
10001101010100010
10110011010100011
11011111100100110
00001000000000101
00101000111101111
01000010001101101
01010100101010010
01100001111010011
01101011001110111
01110001101110010
01110110001101010
01111001010011010
01111011011011010
01111100111000001
01111101110111100
01111110100011000
01111111000000101
01111111010100110
01111111100010100
01111111101011111
01111111110010010
01111111110110101
01111111111001101
01111111111011101
01111111111101000
01111111111101111
01111111111110101
01111111111111000
01111111111111010
01111111111111100
01111111111111101
01111111111111110
01111111111111110
01111111111111111
01111111111111111
01111111111111111
01111111111111111
01111111111111111
01111111111111111
01111111111111111
01111111111111111
01111111111111111
01111111111111111
11101101011000000
01111001100100010
01010110000000100
11100101000001001
10010100010100111
10000000011000010
10010111010000001
11000000101110001
11101100100000110
00010010110111100
00110001011111001
01001000011100000
01011001001100100
01100101000110110
01101101011101100
01110011010000101
01110111010001101
01111010000010011
01111011111011010
01111101001101111
01111110000110100
01111110101101010
01111111000111100
01111111011001100
01111111100101110
01111111101110001
01111111110011110
01111111110111101
01111111111010010
01111111111100001
01111111111101011
01111111111110001
01111111111110110
01111111111111001
01111111111111011
01111111111111100
01111111111111101
01111111111111110
01111111111111111
01111111111111111
01111111111111111
01111111111111111
01111111111111111
01111111111111111
01111111111111111
01111111111111111
01111111111111111
01111111111111111
11101101011000000
01111001100100010
01010110000000100
11100101000001001
10010100010100111
10000000011000010
10010111010000001
11000000101110001
11101100100000110
00010010110111100
00110001011111001
01001000011100000
01011001001100100
01100101000110110
01101101011101100
01110011010000101
01110111010001101
01111010000010011
01111011111011010
01111101001101111
01111110000110100
01111110101101010
01111111000111100
01111111011001100
01111111100101110
01111111101110001
01111111110011110
01111111110111101
01111111111010010
01111111111100001
01111111111101011
01111111111110001
01111111111110110
01111111111111001
01111111111111011
01111111111111100
01111111111111101
01111111111111110
01111111111111111
01111111111111111
01111111111111111
01111111111111111
01111111111111111
01111111111111111
01111111111111111
01111111111111111
01111111111111111
01111111111111111
10001011011000000
00110101000010010
01111110100000100
00101011111001110
10111110101100101
10000101111100010
10000101100100100
10100110001001111
11010001111010101
11111100001011000
00011111101100101
00111011001001110
01001111100101101
01011110010010101
01101000101100010
01101111111100101
01110100111111100
01111000011110001
01111010110110100
01111100011110111
01111101100110011
01111110010111011
01111110111000100
01111111001111010
01111111011110110
01111111101001011
01111111110000100
01111111110101100
01111111111000110
01111111111011001
01111111111100101
01111111111101101
01111111111110011
01111111111110111
01111111111111010
01111111111111100
01111111111111101
01111111111111110
01111111111111110
01111111111111111
01111111111111111
01111111111111111
01111111111111111
01111111111111111
01111111111111111
01111111111111111
01111111111111111
01111111111111111
10001011011000000
00110101000010010
01111110100000100
00101011111001110
10111110101100101
10000101111100010
10000101100100100
10100110001001111
11010001111010101
11111100001011000
00011111101100101
00111011001001110
01001111100101101
01011110010010101
01101000101100010
01101111111100101
01110100111111100
01111000011110001
01111010110110100
01111100011110111
01111101100110011
01111110010111011
01111110111000100
01111111001111010
01111111011110110
01111111101001011
01111111110000100
01111111110101100
01111111111000110
01111111111011001
01111111111100101
01111111111101101
01111111111110011
01111111111110111
01111111111111010
01111111111111100
01111111111111101
01111111111111110
01111111111111110
01111111111111111
01111111111111111
01111111111111111
01111111111111111
01111111111111111
01111111111111111
01111111111111111
01111111111111111
01111111111111111
