0000000000000000000000000000000101000010
0000000000000000000000000001010001111110
1111111111111111111111111101100100110111
0000000000000000000000000001000110101000
1111111111111111111111111111111101011110
0000000000000000000000000001000001100101
1111111111111111111111111010101010001101
1111111111111111111111111110000100011001
1111111111111111111111111110100010101010
0000000000000000000000000000001011010110
1111111111111111111111111111011101111100
1111111111111111111111111111101010100011
1111111111111111111111111111100001101110
1111111111111111111111111011111010111011
1111111111111111111111111011001011000000
0000000000000000000000000000011101000000
0000000000000000000000000001011001100010
1111111111111111111111111110110000100010
1111111111111111111111111001011100000001
1111111111111111111111111100110110001101
1111111111111111111111110110101011011101
1111111111111111111111110011100101011100
1111111111111111111111110111001001101110
0000000000000000000000000111101101001000
1111111111111111111111111111100010111111
1111111111111111111111110001110000001001
0000000000000000000000001100101010111100
1111111111111111111111110000101111110101
1111111111111111111111111110000001111000
1111111111111111111111111110101010001111
1111111111111111111111111111110100101001
1111111111111111111111110100001111000100
1111111111111111111111111111101101000101
0000000000000000000000100110100010111001
0000000000000000000000100000101000100010
0000000000000000000000000000011101000000
1111111111111111111111100101011110011011
0000000000000000000000100111101100000011
1111111111111111111111110010010111010000
0000000000000000000000100010000111001000
0000000000000000000000000101011110100111
1111111111111111111111110010100101001000
0000000000000000000000101001000001110011
1111111111111111111111110101101101101001
0000000000000000000000001000010100001110
1111111111111111111111111111100101100000
0000000000000000000000001110011101101101
1111111111111111111111100101101100010011
0000000000000000000000101001001001010110
1111111111111111111111010100011111110100
0000000000000000000000101000001110111010
1111111111111111111110111011101000110111
1111111111111111111111001011010011110101
1111111111111111111111010011011001001000
1111111111111111111111000101100100001101
1111111111111111111111111010001101100110
1111111111111111111111000111101100111110
1111111111111111111111011101000111011000
0000000000000000000000010000011110010010
1111111111111111111111100111000110010001
1111111111111111111111101010010001100110
1111111111111111111111111010001001101111
1111111111111111111111101110001110000111
0000000000000000000000000001000000011111
1111111111111111111111111100011100001101
1111111111111111111111100001001010101100
1111111111111111111111011010100001000110
1111111111111111111111010010101001000100
1111111111111111111111011000010001111111
1111111111111111111111011110101010111000
1111111111111111111111101000101101111110
0000000000000000000000100100111001110110
0000000000000000000000110001010000100110
1111111111111111111111110100010111100101
0000000000000000000000000111011111001010
1111111111111111111111110001001100111000
0000000000000000000000000111100010110001
1111111111111111111111101111111011111110
1111111111111111111111111011011000100001
1111111111111111111111101001101111101111
0000000000000000000000101001101001100011
0000000000000000000000001011000110100001
0000000000000000000000011111110000110011
0000000000000000000000011110011001001010
0000000000000000000000101011100100001111
0000000000000000000000011110100001001001
1111111111111111111111100011000000011101
0000000000000000000000110011000010101111
0000000000000000000000111010110000101010
0000000000000000000000001011011010000011
0000000000000000000000100000000011100010
1111111111111111111111110010001111001111
0000000000000000000000001000011000000011
0000000000000000000000001011100100111100
1111111111111111111111100010011000001010
0000000000000000000000011110001100111001
0000000000000000000000111100101101001101
1111111111111111111111100111010010000111
1111111111111111111111110010010010010101
1111111111111111111111010001111101010110
1111111111111111111111100001011111001101
1111111111111111111111100011001111100100
1111111111111111111111100010111000011101
1111111111111111111111101101000101100010
0000000000000000000000000100101000111111
1111111111111111111111111001011011011111
0000000000000000000000001110101110001000
1111111111111111111111100111111010000110
1111111111111111111111100101111001001111
1111111111111111111111110101100110110011
1111111111111111111111101111000000010010
0000000000000000000000010000111111011101
0000000000000000000000011101001011011000
0000000000000000000000000001110101001010
1111111111111111111111100011111110010101
1111111111111111111111100101100000110011
1111111111111111111111101111000010111000
0000000000000000000000001010000101100011
1111111111111111111111100101110111110001
0000000000000000000000010001000001101000
0000000000000000000000101011100110001001
1111111111111111111111010001011100100101
1111111111111111111111110011111111001110
1111111111111111111111000011010011000011
0000000000000000000000010000001010001110
1111111111111111111111101011010110001010
1111111111111111111111110110110000011110
1111111111111111111111111110001000010001
0000000000000000000000000100101100011101
0000000000000000000000100111111111100111
0000000000000000000000010010000110011111
0000000000000000000000100101101101010100
0000000000000000000000101011011100001011
0000000000000000000000111000100100001111
1111111111111111111111100100000001110001
0000000000000000000000110000101011011011
0000000000000000000000100010111111100100
1111111111111111111111110111011101011001
0000000000000000000000011011001101101010
1111111111111111111111100010100101000110
0000000000000000000000011000100110111000
0000000000000000000000001110000000110110
1111111111111111111111100000001000110001
0000000000000000000000001011110111100100
0000000000000000000000011000000001101001
0000000000000000000000001001010000111011
0000000000000000000000010010111110101001
1111111111111111111111111001101111001111
1111111111111111111111101111110111000110
1111111111111111111111110110100101111111
1111111111111111111111111100111000010011
1111111111111111111111110111010111010111
1111111111111111111111010001110000100111
0000000000000000000000010000001111101100
0000000000000000000000010011001000000100
1111111111111111111111101000010110101100
1111111111111111111111110000010101001111
1111111111111111111111111001001100111110
1111111111111111111111110100011110000111
0000000000000000000000001101100100001011
1111111111111111111111110110110011011011
1111111111111111111111011010011110101001
1111111111111111111111100010000001011010
1111111111111111111111101101011111011111
1111111111111111111111111101001111110011
1111111111111111111111010110011000110111
1111111111111111111111110000011001001111
0000000000000000000000100101110111110010
1111111111111111111111111100100111010010
1111111111111111111111011111001110001101
1111111111111111111111100100111000010101
1111111111111111111111100110000100111010
0000000000000000000000000000111100001000
1111111111111111111111000101000001110100
1111111111111111111111111111010100111110
1111111111111111111111001110000100010100
0000000000000000000000011001100011111101
0000000000000000000000010001001110110011
0000000000000000000000011111000011011101
0000000000000000000000011110110010101100
0000000000000000000000101101001101010111
0000000000000000000000110000101000100100
1111111111111111111111011001101100101100
0000000000000000000000011101011100101011
0000000000000000000000100110100111001111
1111111111111111111111100011001011100000
0000000000000000000000011110110101111011
1111111111111111111111110001100111010100
0000000000000000000000010010001100111010
0000000000000000000000000111110110011011
1111111111111111111111010100000000111100
0000000000000000000000011110010001111100
1111111111111111111111101011111101010010
0000000000000000000000011010000011010000
1111111111111111111111110011001000010001
1111111111111111111111101110101011010111
0000000000000000000000000010101100100100
0000000000000000000000001000110001100111
1111111111111111111111101000010001000110
0000000000000000000000011010100111001100
0000000000000000000000001100111010000110
0000000000000000000000000101110001100111
0000000000000000000000011011011110110000
1111111111111111111111110000011000111000
1111111111111111111111010111001000101010
1111111111111111111111110001101100000011
1111111111111111111111111101111101110010
0000000000000000000000011100001000011001
0000000000000000000000000010110101100011
1111111111111111111111100110011100101010
1111111111111111111111110010110001110011
0000000000000000000000001011011001111001
1111111111111111111111101010011010001101
1111111111111111111111101001001100100101
1111111111111111111111110110010110011011
1111111111111111111111111011100000100011
0000000000000000000000001100110011011110
1111111111111111111111110101111100100010
0000000000000000000000010010101010101011
1111111111111111111111101111000010111001
0000000000000000000000000000011101001101
0000000000000000000000000100000001110001
0000000000000000000000001000000110111110
1111111111111111111111111000100100010101
0000000000000000000000011011000100100010
0000000000000000000000100000000101001101
0000000000000000000000011001011111001101
0000000000000000000000011100100010111011
0000000000000000000000100000000100000111
0000000000000000000000111100011010111110
0000000000000000000000000111110001110000
0000000000000000000000101110100100001101
0000000000000000000000100011101001010111
1111111111111111111111100111001011110100
0000000000000000000001000010010000101001
1111111111111111111111011101100001000101
0000000000000000000000010010100010100011
0000000000000000000000011001111000100011
1111111111111111111111011110000100110100
0000000000000000000000100100110110000011
0000000000000000000000000010000001111001
0000000000000000000000000000010101011100
0000000000000000000000000000001111001000
1111111111111111111111111101110010101111
1111111111111111111111111010101111010000
0000000000000000000000000000111011010001
1111111111111111111111111111100000011110
0000000000000000000000000000010001101010
1111111111111111111111111110010011100010
1111111111111111111111111110000000100111
0000000000000000000000000011101011110101
1111111111111111111111111110100111101101
0000000000000000000000000000101101011001
1111111111111111111111111111011011011011
0000000000000000000000000001000010110101
1111111111111111111111111111110000110111
1111111111111111111111111111010010100110
0000000000000000000000000001001001001001
0000000000000000000000000001101011001100
1111111111111111111111111010000001110110
1111111111111111111111111110101011011111
1111111111111111111111111010000000100110
1111111111111111111111101110111101000100
0000000000000000000000000101001100111101
1111111111111111111111111111101101000101
0000000000000000000000000110011000101000
1111111111111111111111111110011011000110
1111111111111111111111111111010010100110
1111111111111111111111111011010110010110
1111111111111111111111101110001000000110
1111111111111111111111101111100000011000
1111111111111111111111110010011110110100
1111111111111111111111111010000101101001
0000000000000000000000001100000011110110
1111111111111111111111100100111000100110
1111111111111111111111011001110110010100
0000000000000000000000010011111001110011
0000000000000000000000001110010111011010
1111111111111111111111001101010010111100
0000000000000000000000000010000110111100
1111111111111111111111111100101000010101
1111111111111111111111110111111010111010
1111111111111111111111101001110001010111
1111111111111111111111101110101010001001
1111111111111111111111010111011101101110
1111111111111111111111011011100000010001
0000000000000000000000000100110110010000
1111111111111111111111111101110101010001
1111111111111111111111010110101101110011
1111111111111111111111111000101010001000
0000000000000000000000011111100000101010
0000000000000000000000010100100101111011
1111111111111111111111110100100101010001
1111111111111111111111101110010010101111
0000000000000000000000110110001001100100
1111111111111111111111110010111011010111
0000000000000000000000010000100011001101
1111111111111111111111110011111101101011
1111111111111111111111011100010101101111
1111111111111111111111110010100111101110
0000000000000000000000001011010000110110
0000000000000000000000101010011111100110
1111111111111111111111100111001010111101
1111111111111111111111011110100010111010
0000000000000000000000010100101010001010
0000000000000000000000011110101011101110
1111111111111111111111011010010001000110
0000000000000000000000000101001111001000
0000000000000000000000011111001110011000
1111111111111111111111011000011001000100
0000000000000000000000000101110010001010
0000000000000000000000011001100010100000
1111111111111111111111111001101010011001
0000000000000000000000001001100111110100
1111111111111111111111101001001111101111
0000000000000000000000100110000100011111
1111111111111111111111110010011110011000
1111111111111111111111100100111000010110
1111111111111111111111101000001011000101
1111111111111111111111010011011011101001
1111111111111111111111111100000011100011
1111111111111111111111000111111001001111
1111111111111111111111101011101000101010
0000000000000000000000100110001100101110
0000000000000000000000010100010110101110
0000000000000000000000010110000100001011
1111111111111111111111111000010010011001
1111111111111111111111101010101010110000
1111111111111111111111110110101000011100
0000000000000000000000010010001111011000
1111111111111111111111111111100100010111
0000000000000000000000100100001101101001
0000000000000000000000100011111100010101
0000000000000000000000111000111100001001
1111111111111111111111001111010110010001
1111111111111111111111101110001111001001
1111111111111111111111011010000100101110
1111111111111111111111100001110010101010
0000000000000000000001000110010100010101
0000000000000000000000100100111100001011
0000000000000000000000001010001100100010
1111111111111111111111001000001000111010
0000000000000000000000101001010101111110
1111111111111111111111100000100001000010
0000000000000000000000010011110101000001
1111111111111111111111110111000100101111
1111111111111111111111001100101101111110
1111111111111111111111010111000111111111
0000000000000000000000010000111100100111
0000000000000000000000011011101010110001
1111111111111111111111101110101010011000
1111111111111111111111101101010000111010
0000000000000000000000000011001011011110
0000000000000000000000011101001010010110
1111111111111111111111101001000110000000
1111111111111111111111101101111100111011
0000000000000000000000001110011111100101
1111111111111111111111001100100111111101
1111111111111111111111101000010011001000
0000000000000000000000011001011101011000
0000000000000000000000010000011101111100
0000000000000000000000000010010011000100
1111111111111111111111100010100100111000
0000000000000000000000000000110111000110
1111111111111111111111100001001110110011
1111111111111111111111110111101001111110
1111111111111111111111100110101110010010
1111111111111111111111100101010110001100
1111111111111111111111101010010000001101
1111111111111111111111101101111000100010
1111111111111111111111001011111001011111
0000000000000000000001000001000101101100
0000000000000000000000011110000000110110
0000000000000000000000011000010111001111
1111111111111111111111100101010010010000
1111111111111111111111011110100111011101
1111111111111111111111100000101110111100
0000000000000000000000010001100011111011
1111111111111111111111110100010001101000
0000000000000000000000100011100000010100
0000000000000000000000110001111111110100
0000000000000000000000100001010001101011
1111111111111111111111001110000100111111
1111111111111111111111010001101010111010
0000000000000000000000000111101110111010
1111111111111111111111010110110110010110
0000000000000000000000101101011110011010
1111111111111111111111111011000011010001
1111111111111111111111110100000000010011
1111111111111111111111101001110100001011
0000000000000000000000001100010100101011
1111111111111111111111101011111011001000
1111111111111111111111111011010101101000
1111111111111111111111101101101010011100
1111111111111111111111011101000111001111
1111111111111111111111101001011100111011
0000000000000000000000100001101001011001
0000000000000000000000100001100011000010
1111111111111111111111101101000101111001
1111111111111111111111011101110110111110
1111111111111111111111110100110110001011
1111111111111111111111111010110000101101
1111111111111111111111010110010100010111
1111111111111111111111101001101001110010
0000000000000000000000010010010101110110
1111111111111111111111100001001000110010
1111111111111111111111111001010011100000
0000000000000000000000000100101001111101
1111111111111111111111111111111011011010
0000000000000000000000000110000111111010
1111111111111111111111011010000001001110
0000000000000000000000001001011101011011
1111111111111111111111100001101001000011
1111111111111111111111011111110101000010
0000000000000000000000000101010101010010
0000000000000000000000010000110011001001
1111111111111111111111111010010010110010
1111111111111111111111101011101110010101
1111111111111111111111110000100001101101
0000000000000000000000101011001011010111
0000000000000000000000010111101111001110
0000000000000000000000001110100100111101
1111111111111111111111100110010110011110
1111111111111111111111011111010110110000
1111111111111111111111011110010111100111
0000000000000000000000101010001000101110
1111111111111111111111101101101011011100
0000000000000000000000100001100011111110
0000000000000000000000100000011010111100
0000000000000000000000000100001111110010
1111111111111111111111011110000001110101
1111111111111111111111101101111100110100
0000000000000000000000010101001000100100
1111111111111111111111101001100010000100
0000000000000000000000000011011111010110
1111111111111111111111101111001111111001
1111111111111111111111110001110100111001
0000000000000000000000010110011111110010
0000000000000000000000000101111111100100
0000000000000000000000001111011010101110
1111111111111111111111110000111110010100
1111111111111111111111101001001110000010
0000000000000000000000000000011100001001
1111111111111111111111101101011110101011
0000000000000000000000001110110000110100
0000000000000000000000001101011001011110
0000000000000000000000000011110010010000
1111111111111111111111101111001100110110
0000000000000000000000001011111100111110
1111111111111111111111111110001110011111
1111111111111111111111101101000011010110
0000000000000000000000000001000100011011
0000000000000000000000000111010111101111
1111111111111111111111101101010010110001
1111111111111111111111110010001001111011
0000000000000000000000100001001011110011
0000000000000000000000000001001111001101
0000000000000000000000001000110101111111
1111111111111111111111100110001010111110
0000000000000000000000100010001111010010
1111111111111111111111111110000111100011
1111111111111111111111110000010001111001
1111111111111111111111111110100010100011
1111111111111111111111110011010010011110
1111111111111111111111011111000001110111
1111111111111111111111111111011000111001
1111111111111111111111101001001100101000
0000000000000000000000001111010011100111
0000000000000000000000101010001000011011
0000000000000000000000110011001001010100
1111111111111111111111010101111011111110
1111111111111111111111100011110111101011
1111111111111111111111011010111011110111
0000000000000000000000001010001101101111
1111111111111111111111010101101001010000
0000000000000000000000110011010101011110
0000000000000000000000110010111101110111
0000000000000000000000001111101100101000
1111111111111111111111110110111010100110
1111111111111111111111001000000110101010
0000000000000000000000000010110011000101
1111111111111111111111111111010101000111
0000000000000000000000000001001001001001
1111111111111111111111111111010011110110
1111111111111111111111111101100001000101
1111111111111111111111111111110101111010
1111111111111111111111111111101111100110
0000000000000000000000000000010100001011
1111111111111111111111111101111010010100
1111111111111111111111111010001011111100
0000000000000000000000000010110001110101
0000000000000000000000000001001110001100
1111111111111111111111111101000101010101
1111111111111111111111111110100101001100
1111111111111111111111111101110001011111
0000000000000000000000000010100001011011
1111111111111111111111111111100010111111
1111111111111111111111111100011010011101
1111111111111111111111111001010110111110
0000000000000000000000000010010111010101
1111111111111111111111111111100000011110
1111111111111111111111111100111111000010
1111111111111111111111111111110111001010
0000000000000000000000000010100111101111
1111111111111111111111111010111010100111
0000000000000000000000000000101100001001
0000000000000000000000001011010001011001
0000000000000000000000000100001111001010
0000000000000000000000000100001011010111
1111111111111111111111111110111110011010
0000000000000000000000000010011001110111
1111111111111111111111111001001010010111
1111111111111111111111110010101010001010
0000000000000000000000000010011110111010
1111111111111111111111111110010111010100
1111111111111111111111111111011111001101
1111111111111111111111101010010010001010
0000000000000000000000001010011101101100
0000000000000000000000001101111100111011
1111111111111111111111100000001011001010
1111111111111111111111110101110011111101
0000000000000000000000000001101101101110
1111111111111111111111010111111111110001
1111111111111111111111000101010101011010
0000000000000000000000111011011001001111
1111111111111111111111010001010110110000
0000000000000000000000100100100111010011
0000000000000000000001000110001011000111
1111111111111111111111100000010011111010
0000000000000000000000010000100001011101
0000000000000000000000010111101010111111
0000000000000000000000100000100000111010
0000000000000000000000010101110110010100
1111111111111111111111100101110011110010
0000000000000000000000010100011011010111
0000000000000000000000011110110001011010
1111111111111111111111001100111000100110
0000000000000000000000011000100110010011
0000000000000000000000001110111010010110
1111111111111111111111101001010110011101
0000000000000000000000011100110011001100
1111111111111111111111010111010000010101
0000000000000000000000000010111010000001
1111111111111111111111011101101001000111
0000000000000000000000001110000001110100
1111111111111111111111111011011001001100
1111111111111111111111111100111100110010
1111111111111111111111111001110011111000
0000000000000000000000001010100001011110
0000000000000000000000000011100010011111
0000000000000000000000010101101111011010
0000000000000000000000001000001000000100
1111111111111111111111011100111000110000
1111111111111111111111110000101101111001
0000000000000000000000000001101001101010
0000000000000000000000001001100010011001
0000000000000000000000101011001101000110
1111111111111111111111101000101110101101
1111111111111111111111100100001111000111
0000000000000000000000000001001011010010
1111111111111111111111110000000001110110
1111111111111111111111111111001110110001
1111111111111111111111101011101000000100
0000000000000000000000011111001001110000
0000000000000000000000100110101111100100
0000000000000000000000011011110110101011
0000000000000000000000001010110000010100
1111111111111111111111110110001011101100
1111111111111111111111011000110001010001
0000000000000000000000000010101111100101
0000000000000000000000010111101101110001
0000000000000000000000000110001000101101
1111111111111111111111100001111011101001
0000000000000000000000010100001011101101
1111111111111111111111101000100111111101
1111111111111111111111100111101000011111
0000000000000000000000011100100100010101
0000000000000000000000100011111111110100
1111111111111111111111100101000101001011
0000000000000000000000111011010000110111
0000000000000000000000011000111101111001
1111111111111111111111011111001101001010
0000000000000000000000011110111101110100
0000000000000000000000010110011110001001
1111111111111111111111000000010010100010
0000000000000000000000110000101111010100
0000000000000000000000000010100010100000
1111111111111111111111110100100001110001
0000000000000000000000001000110011010110
1111111111111111111111100011000101100100
1111111111111111111111011110001011101011
1111111111111111111111101110001001011101
0000000000000000000000010101010000011011
0000000000000000000000011101000001001001
1111111111111111111111100100000101010111
1111111111111111111111101101111001101010
1111111111111111111111111110001100001110
1111111111111111111111100110010011101001
0000000000000000000000000001100000110110
0000000000000000000000101101010000111010
1111111111111111111111111000110011001010
0000000000000000000000001110010000011001
0000000000000000000000101011000101111011
0000000000000000000000001010011111001100
0000000000000000000000100010000110110101
1111111111111111111111011011011011001011
1111111111111111111111110101001001000011
1111111111111111111111111101111000100010
1111111111111111111111011111010000011101
0000000000000000000000110000100010010001
1111111111111111111111011001111100000101
0000000000000000000000100100101011101110
0000000000000000000000011111110001100100
0000000000000000000000011011000100111011
1111111111111111111111110010110100001100
1111111111111111111111110101011100010101
1111111111111111111111101000101011001101
0000000000000000000000001110010000001110
1111111111111111111111110011011001000001
0000000000000000000000001011010101100111
1111111111111111111111011011010101001010
0000000000000000000000001111010110011101
1111111111111111111111111011000001111111
1111111111111111111111011001000000100010
0000000000000000000000011001101011011001
1111111111111111111111100011000101110001
1111111111111111111111001011000001100000
0000000000000000000000101011101111100011
0000000000000000000000101010011001011111
0000000000000000000000100011111000001001
1111111111111111111111111100100100100011
1111111111111111111111111110001011101111
1111111111111111111111001110011101111100
0000000000000000000000011100001011000110
1111111111111111111111110101111011111111
1111111111111111111111010000100100111011
1111111111111111111111111101001111100001
1111111111111111111111010110011100111101
0000000000000000000000100000110101010001
1111111111111111111111100001001101000011
0000000000000000000000001010011110011001
0000000000000000000000110101001011111000
1111111111111111111111101001011011000001
1111111111111111111111110110111110100000
0000000000000000000000010101101101001010
1111111111111111111111001011110000010110
0000000000000000000000011111100001000010
0000000000000000000000000101000001010100
1111111111111111111111011101100111100110
1111111111111111111111110001101111101100
0000000000000000000000001011110111000000
1111111111111111111111110101010110111111
0000000000000000000000101111101000111011
1111111111111111111111101101100000010111
1111111111111111111111110100000100100111
0000000000000000000000000010010110000011
1111111111111111111111010000011111010111
0000000000000000000000001110111101011111
1111111111111111111111100011100001000101
0000000000000000000000101111011010101110
0000000000000000000000100011100000010001
0000000000000000000000110010010110011101
1111111111111111111111111001110000111111
0000000000000000000000000011111000000111
1111111111111111111111001110010000001101
0000000000000000000000001001010110110000
0000000000000000000000001001100011101001
0000000000000000000000100100001010001000
1111111111111111111111011011110010001110
0000000000000000000000010010110111011110
0000000000000000000000000010110111000110
1111111111111111111111011001111101010111
0000000000000000000000001110001111000011
1111111111111111111111111011000000011111
0000000000000000000000001101011010101000
1111111111111111111111110101001100110101
1111111111111111111111110011110101100000
1111111111111111111111111110101000000111
0000000000000000000000001100010101110110
0000000000000000000000000010100111001011
0000000000000000000000000101110101001011
1111111111111111111111111001111100010000
0000000000000000000000001000001001101001
0000000000000000000000011100000011100011
0000000000000000000000001000101100001000
0000000000000000000000000001111011011010
1111111111111111111111111010010101100010
0000000000000000000000001110000101101000
0000000000000000000000000011010011100000
0000000000000000000000000100001110000101
1111111111111111111111110011110001010011
1111111111111111111111101100000010100011
0000000000000000000000010100011101010011
1111111111111111111111110000110001101001
0000000000000000000000010001110110001101
0000000000000000000000010000010000111000
1111111111111111111111111000111000001001
0000000000000000000000001001100001011110
0000000000000000000000010110101001011101
0000000000000000000000100101000000001100
0000000000000000000000010001111001111101
1111111111111111111111110111101111000100
1111111111111111111111111011010000000011
1111111111111111111111100111100000000100
1111111111111111111111100011011001001101
0000000000000000000000100010101010100111
1111111111111111111110110000010001110001
0000000000000000000000110010110010111000
0000000000000000000000011011000011000101
0000000000000000000000010110110100001000
1111111111111111111111010110101111111110
1111111111111111111111010000010100110110
1111111111111111111111110111001100001111
0000000000000000000000001110101011101001
0000000000000000000000010010001011101101
0000000000000000000000001000100010001000
1111111111111111111111110011010000111110
0000000000000000000000010011111001101000
1111111111111111111111111100110000110100
1111111111111111111111110011011101111101
0000000000000000000000000000001100100111
1111111111111111111111111111101111100110
0000000000000000000000000000011011101111
1111111111111111111111111100111111000010
1111111111111111111111111111001000100000
0000000000000000000000000001101110111111
1111111111111111111111111111111100001101
0000000000000000000000000010010011100011
0000000000000000000000000001101100011101
1111111111111111111111111110011110111000
0000000000000000000000000001011000010010
1111111111111111111111111110001111110000
0000000000000000000000000001011000010010
1111111111111111111111111110111001010111
0000000000000000000000000011010011111000
0000000000000000000000000001010000101101
0000000000000000000000000010001001011110
1111111111111111111111111001001010010111
1111111111111111111111111010110011000010
0000000000000000000000000101001010011011
0000000000000000000000000100110011101110
1111111111111111111111110111001001101110
1111111111111111111111110101100010010011
0000000000000000000000000110110011000111
1111111111111111111111111101011110100100
1111111111111111111111110111010011110100
1111111111111111111111111110001001011100
1111111111111111111111111011010111100111
1111111111111111111111110110010100110000
0000000000000000000000001000011010100001
0000000000000000000000010011011011100010
0000000000000000000000010000110001010001
1111111111111111111111111000000001001101
0000000000000000000000011111010100000010
1111111111111111111111110010110110110010
0000000000000000000000101001010111001111
1111111111111111111111110000011001001000
1111111111111111111111110100010100000111
1111111111111111111111011110011010111011
0000000000000000000000000010011100011000
0000000000000000000000010010101111011001
1111111111111111111111110100011010011010
1111111111111111111111011101110011110100
0000000000000000000000001110111110100000
1111111111111111111111110011001000011100
0000000000000000000000100001000100010010
1111111111111111111111111100100000110001
1111111111111111111111110001001110000110
1111111111111111111111110010000011101100
1111111111111111111111110011010101110011
0000000000000000000000011110000011010100
0000000000000000000000001000001000001000
0000000000000000000000010100101000010100
1111111111111111111111111100010101110000
1111111111111111111111011011000011100010
0000000000000000000000001000000100110011
0000000000000000000000000001000110100111
0000000000000000000000010111010101010000
1111111111111111111111010100100010000110
0000000000000000000000010011110100111011
1111111111111111111111101011111110111000
1111111111111111111111110001100110010111
1111111111111111111111101100110011101000
1111111111111111111111101100100000010001
1111111111111111111111101111011010010001
1111111111111111111111100110100100110001
1111111111111111111111111100000000001001
0000000000000000000000100010011000100111
0000000000000000000000010011110101110011
1111111111111111111111101101010101101011
1111111111111111111111101101010001001011
0000000000000000000000110110011111001101
0000000000000000000000000100100100111011
1111111111111111111111110101110101000011
1111111111111111111111111110101111000011
1111111111111111111111100111010110101101
1111111111111111111111110110011111100111
1111111111111111111111100010110110101110
0000000000000000000000000110110100111001
0000000000000000000000111100111011011001
0000000000000000000000011010011111110101
0000000000000000000000010111101000001110
0000000000000000000001000000011100000001
0000000000000000000000110001101001111000
1111111111111111111111010011000110101010
1111111111111111111111100111100101110011
1111111111111111111111001000000110110011
1111111111111111111111111011100111111000
0000000000000000000000100100100110100100
0000000000000000000000000001001100110110
0000000000000000000000010001111100101110
1111111111111111111111011111000001001111
1111111111111111111111011111111111110000
1111111111111111111111011111011011100001
1111111111111111111111001110110010101101
1111111111111111111111101010111011101001
1111111111111111111111011111110111000100
1111111111111111111111110110111110100110
0000000000000000000000011001111000110101
1111111111111111111111110110001001010010
0000000000000000000000010001111001000111
0000000000000000000000010111011011010100
1111111111111111111111010110010010001100
1111111111111111111111111001100100001111
0000000000000000000000000110111110100101
0000000000000000000000011111100001001011
0000000000000000000000001101000000101101
0000000000000000000000010011110101110011
1111111111111111111111110011100101101101
0000000000000000000000001011011010101011
1111111111111111111111010000010001111100
1111111111111111111111110111010001001100
1111111111111111111111111011100111001101
1111111111111111111111100110110000011001
1111111111111111111111100010001100101011
0000000000000000000000101010001011011101
0000000000000000000000010100101011011010
1111111111111111111111110111100100100001
1111111111111111111111110000010011110000
0000000000000000000000011110111110000101
1111111111111111111111100011111011001011
0000000000000000000000000101000111001110
0000000000000000000000001000100110001000
0000000000000000000000000100001000010010
1111111111111111111111011010111011010101
0000000000000000000000000110111001110110
0000000000000000000000001011100011111100
0000000000000000000000000001100110100011
1111111111111111111111111101011000011010
0000000000000000000000001100111001101101
0000000000000000000000101001001010100010
0000000000000000000000110001011100111110
1111111111111111111111101111101000010111
1111111111111111111111001110100110010010
1111111111111111111111011010011000111101
1111111111111111111111110001001111100110
0000000000000000000000010001001100011101
1111111111111111111111101000001001101111
0000000000000000000000011101010110111101
1111111111111111111111010110011100010100
1111111111111111111111011000011010010000
1111111111111111111111010101011111111101
1111111111111111111111001110100101101010
0000000000000000000000010000010010110111
1111111111111111111111100111011010000000
0000000000000000000000001000001101111011
0000000000000000000000011101001111110100
1111111111111111111111001100001011111111
0000000000000000000000000111110111111100
0000000000000000000000100000000001000001
1111111111111111111111111100000010100010
1111111111111111111111101001011010010001
1111111111111111111111111110001110110000
0000000000000000000000000001100100101101
1111111111111111111111110110110101111010
0000000000000000000000110000010001100110
1111111111111111111111100000001110110010
0000000000000000000000001010000001011011
1111111111111111111111100110000011101101
1111111111111111111111111100001010110101
1111111111111111111111110010111111000001
1111111111111111111111100011111000000111
1111111111111111111111101101011111101001
1111111111111111111111111110111110011100
0000000000000000000000100110010000011101
1111111111111111111111101101110010100111
1111111111111111111111001011011000111001
0000000000000000000000010000101100010111
1111111111111111111111100000111000100001
1111111111111111111111100111010011111011
0000000000000000000000000110010101011011
1111111111111111111111101110011010011100
1111111111111111111111100100001110100011
0000000000000000000000000110000000111000
0000000000000000000000000011111111111000
0000000000000000000000100010000000010010
0000000000000000000000000111011110010111
0000000000000000000000010110111110001100
0000000000000000000001000010110100111110
0000000000000000000000100001100100101011
1111111111111111111111100001111110111010
1111111111111111111111100100100001000100
1111111111111111111111111010010101100000
1111111111111111111111101001101100000001
0000000000000000000000001001111101011101
1111111111111111111111101000010100010000
0000000000000000000000011001101010001010
1111111111111111111111011110100000000000
1111111111111111111111100101100100010000
1111111111111111111111010100011101000010
1111111111111111111111011111110110010000
0000000000000000000000001101111110001101
0000000000000000000000000010011111111111
0000000000000000000000001000110110111110
0000000000000000000000001010000101110110
1111111111111111111111101010111001011001
0000000000000000000000000100101110100011
1111111111111111111111111110011100111101
0000000000000000000000000111001001100011
1111111111111111111111101111010101010111
1111111111111111111111110111000011011010
0000000000000000000000000110101111100101
0000000000000000000000000101011011000110
0000000000000000000000000011000101000111
1111111111111111111111111011011011000100
1111111111111111111111111010010110011011
1111111111111111111111100111100100111000
0000000000000000000000010010111101000011
0000000000000000000000000100011101111100
1111111111111111111111110100101101010101
1111111111111111111111100111111001001100
0000000000000000000000000110011110110110
0000000000000000000000000000000010000010
0000000000000000000000000101011110101100
0000000000000000000000000100101100000000
0000000000000000000000010111110100001101
1111111111111111111111101111100111011001
1111111111111111111111111010010101001100
1111111111111111111111110001101100001101
1111111111111111111111101011010100101111
1111111111111111111111100101011010110100
1111111111111111111111111011000011010111
0000000000000000000000000110111000011100
0000000000000000000000001100111100011010
0000000000000000000000010000001100111100
0000000000000000000000101011110011001110
0000000000000000000000011010101011010010
0000000000000000000000101000111110100101
1111111111111111111111100101101010100001
1111111111111111111111010111001110011010
1111111111111111111111100100100101011010
0000000000000000000000000000000110101100
0000000000000000000000011011010001010001
1111111111111111111111100110010111101110
0000000000000000000000101110000111000000
1111111111111111111111011000111011011110
1111111111111111111111011010000110100001
1111111111111111111111011100110101011110
1111111111111111111111100010000001111111
0000000000000000000000100101010010001100
0000000000000000000000000000011011101111
0000000000000000000000000011010101001001
0000000000000000000000000001100010010111
0000000000000000000000000011111000011101
0000000000000000000000000110010111010111
1111111111111111111111111111111000011011
0000000000000000000000001000010101011111
0000000000000000000000000001111111011000
1111111111111111111111111011100101011111
1111111111111111111111111100011110001111
0000000000000000000000000011001011000011
1111111111111111111111111010000110111001
1111111111111111111111111101101001111010
0000000000000000000000000100010000011010
0000000000000000000000000011100000011111
0000000000000000000000000011010110011001
0000000000000000000000000110010001000011
0000000000000000000000000000011001001110
1111111111111111111111111111000101111111
1111111111111111111111111111101111100110
0000000000000000000000000000101001100111
1111111111111111111111111100010000010111
0000000000000000000000000100111011010011
1111111111111111111111111001111011100011
0000000000000000000000000011011010001011
0000000000000000000000000001111100110110
1111111111111111111111111101011110100100
0000000000000000000000000111010010101001
0000000000000000000000000000101110101010
1111111111111111111111111110010110000011
0000000000000000000000001011000011100001
1111111111111111111111110011000000110111
1111111111111111111111111100010100001010
0000000000000000000000001110100110100010
0000000000000000000000011000100010001100
1111111111111111111111110100010101010111
0000000000000000000000001110000100011111
1111111111111111111111011010110100000111
0000000000000000000000001100110001010000
0000000000000000000000001111111011000010
0000000000000000000000100011011010010111
0000000000000000000000001101100110001110
1111111111111111111111001000001011000010
0000000000000000000000011000000010101010
0000000000000000000001000001100011111111
1111111111111111111110101011111101000000
0000000000000000000000011110001001101000
1111111111111111111111111100101000010101
1111111111111111111111110100111000100110
1111111111111111111111111001010111010110
0000000000000000000000010010011110011110
1111111111111111111111111010010011010111
1111111111111111111111100110000110101001
0000000000000000000000011101001000000010
1111111111111111111111110110000000110110
1111111111111111111111101001101000000101
0000000000000000000000101101110001011000
0000000000000000000000010000011001000111
0000000000000000000000010111011111011011
1111111111111111111111101111111101001110
0000000000000000000000000110101111110001
0000000000000000000000010011011011100000
0000000000000000000000000011010100101101
1111111111111111111111011100111010111010
0000000000000000000000001000000011001111
1111111111111111111111101011110110011101
0000000000000000000000100001100011001110
0000000000000000000000001011010110011000
0000000000000000000000001010000100101110
1111111111111111111111110011000000011111
1111111111111111111111101001110001001110
1111111111111111111111101110000110101110
1111111111111111111111011110110100010001
1111111111111111111111101000100011111011
1111111111111111111111111110100110100110
0000000000000000000000001111010100011011
1111111111111111111111110100101000100001
1111111111111111111111110111001111010010
0000000000000000000000001111001110110011
1111111111111111111111101100110111110000
1111111111111111111111110001010000001000
0000000000000000000000010001000111110010
0000000000000000000000011100101110110000
1111111111111111111111010100010011111001
1111111111111111111111100110110000101110
1111111111111111111111100000111000000010
0000000000000000000000000010101000110011
0000000000000000000000011011111001111101
0000000000000000000000010111101110011111
1111111111111111111111101010000100100101
0000000000000000000000011101100111001011
1111111111111111111111101100010010011101
1111111111111111111111100100010100101000
0000000000000000000000010100000000011110
1111111111111111111111111101110111101110
1111111111111111111111010010001000001101
1111111111111111111111001100010011010010
0000000000000000000000000011100100010110
0000000000000000000001000001011111000001
1111111111111111111111110110011110101000
1111111111111111111111000111001110011011
0000000000000000000000011110001011100100
1111111111111111111111000110111111101110
1111111111111111111111000110010101011101
0000000000000000000000100001110110110000
0000000000000000000000100001110100110101
1111111111111111111111110000010111100100
1111111111111111111111011011011001111001
0000000000000000000000010010011000011110
0000000000000000000000001100001000101110
1111111111111111111111110100110110110011
1111111111111111111111101010000010100011
0000000000000000000000100100010001000001
1111111111111111111111111110000011111101
0000000000000000000000011000111110110111
0000000000000000000000010110000010111011
0000000000000000000000000111101011111001
1111111111111111111111011000111110101100
1111111111111111111111111000000010011101
1111111111111111111111111000011010001001
1111111111111111111111100110100100001001
1111111111111111111111101111001111001010
1111111111111111111111101111111110110001
0000000000000000000000110101000111100001
0000000000000000000000001110010010010101
1111111111111111111111110000101101000111
0000000000000000000000011001111100101001
0000000000000000000000000000011101011011
1111111111111111111111111010000010001101
0000000000000000000000010100100001101101
0000000000000000000000110111010101001011
1111111111111111111111001000101111100111
1111111111111111111111110010000010011110
1111111111111111111111000000000011001111
1111111111111111111111111111001100100110
0000000000000000000000001111101101100001
0000000000000000000000101010110001111110
1111111111111111111111100011110101001100
0000000000000000000000000110101110001110
1111111111111111111111111010110111011010
1111111111111111111111110000000111010000
0000000000000000000000011000111000010100
1111111111111111111111010111101110100110
1111111111111111111111101101111011011101
1111111111111111111111101011110001111010
0000000000000000000000101000001011111010
0000000000000000000000100000110001010010
0000000000000000000000001000000010000100
1111111111111111111111010001111001101101
0000000000000000000000000001010011101111
1111111111111111111111110011101000110001
1111111111111111111111011011010110111000
0000000000000000000000011001001110111110
0000000000000000000000000111101010110111
0000000000000000000000000001111001000100
0000000000000000000000001000110100100000
1111111111111111111111101001011011111011
1111111111111111111111111110011010011100
1111111111111111111111111101010000110101
0000000000000000000000000100100110010110
0000000000000000000000001000101110001001
1111111111111111111111011010010100001111
0000000000000000000000001100010100001010
1111111111111111111111101011001101001110
0000000000000000000000101100101000001100
1111111111111111111111011101010111101110
1111111111111111111111110100010000001110
1111111111111111111111010010010011000101
1111111111111111111111100111000101111010
0000000000000000000000000010101010000000
0000000000000000000000000011111110011011
0000000000000000000000011101111100111111
0000000000000000000000011101101010000111
0000000000000000000000000011001001100110
0000000000000000000000110011010000100101
0000000000000000000000000000100011101000
0000000000000000000000000000100101111001
0000000000000000000000011110110000110000
0000000000000000000000101000110111110010
1111111111111111111111011010111001001100
1111111111111111111111011100111010100111
1111111111111111111111010001110001100000
0000000000000000000000000000001011000001
0000000000000000000000001010101011010110
0000000000000000000000010000111110110001
1111111111111111111111111010111011001011
0000000000000000000000100100001010101100
1111111111111111111111101000101010010110
1111111111111111111111101001001010101001
0000000000000000000000011011011010100101
1111111111111111111111101011100101001010
1111111111111111111111011110111001101111
0000000000000000000000001110011100100010
1111111111111111111111110100001001010000
0000000000000000000000001011100001100000
1111111111111111111111100011001000110110
0000000000000000000000001111011001110110
1111111111111111111111100001100111001001
1111111111111111111111011101010101110001
1111111111111111111111110110100101000111
0000000000000000000000001010101100001010
0000000000000000000000010111001101011010
1111111111111111111111101010110111110001
1111111111111111111111010100001110011011
0000000000000000000000000000000101110110
0000000000000000000000011101101001011111
0000000000000000000000011111111001101010
1111111111111111111111100110100100010111
0000000000000000000000110001000000110100
0000000000000000000000011001110101011101
0000000000000000000000010010100000000101
0000000000000000000000010001101011010000
0000000000000000000000011110010001011110
1111111111111111111111010111000101011101
1111111111111111111111110000110100001111
1111111111111111111111011101111001101101
1111111111111111111111110101001010100111
0000000000000000000000010011110111000000
0000000000000000000000010011110101000111
0000000000000000000000100101000010111010
0000000000000000000000010010110110100111
1111111111111111111111110000110010011110
0000000000000000000000100110011110001001
1111111111111111111111101000111111001011
1111111111111111111111110010101010011001
0000000000000000000000110111011110000000
0000000000000000000001001110000001011010
1111111111111111111111010111101110110010
1111111111111111111111101000010111010011
1111111111111111111111010011001100111100
1111111111111111111111110010110110110010
1111111111111111111111111110010101110101
0000000000000000000000010101001011100011
1111111111111111111111100111110100100010
1111111111111111111111111010011110011100
0000000000000000000000000110110100011010
1111111111111111111111100101111000101010
0000000000000000000000000000011100111101
1111111111111111111111110010110001001000
1111111111111111111111100111011100011001
1111111111111111111110111101101010110100
1111111111111111111111001100011010001100
0000000000000000000000101100011111110001
1111111111111111111111111010101100101111
0000000000000000000000101011110110001010
0000000000000000000000011101111110010001
1111111111111111111111110111011000110110
0000000000000000000000010001101010000001
1111111111111111111111100010110000011000
0000000000000000000000010111010111110001
1111111111111111111111101001111111001111
0000000000000000000000010011101011111011
1111111111111111111111100101101011000010
1111111111111111111111110110001000001001
1111111111111111111111101010100011110100
0000000000000000000000000101101101101111
1111111111111111111111101001100000111110
0000000000000000000000100101111010100010
1111111111111111111111100000101111101111
0000000000000000000000000000010000011001
0000000000000000000000001100000000000100
0000000000000000000000010011100001110110
0000000000000000000000010000010001101111
1111111111111111111111101010011001101110
1111111111111111111111101001011000001001
1111111111111111111111101111001111111110
1111111111111111111111101010010100101011
0000000000000000000000010000010001101111
1111111111111111111111011000101000001000
0000000000000000000000010011010011111110
0000000000000000000000001111110111010000
1111111111111111111111100000110110000011
0000000000000000000000011111001100011110
0000000000000000000000000000001100100111
0000000000000000000000010001100110001111
1111111111111111111111101101100010010000
0000000000000000000000010101010101110111
0000000000000000000000011001001110010101
1111111111111111111111011110101010000011
1111111111111111111111011110101010000011
0000000000000000000000011010000011010011
1111111111111111111111111000101001100100
1111111111111111111111110100110110001010
1111111111111111111111111100001111000111
0000000000000000000000001100111011010110
0000000000000000000000100001101011011000
0000000000000000000000011010100010110101
0000000000000000000000010110110101101110
0000000000000000000000000110000011011111
0000000000000000000000001010101011010010
1111111111111111111111111111110111111000
1111111111111111111111101100100101010010
0000000000000000000000100010101000101000
0000000000000000000000010110001011000000
0000000000000000000000001100100101011101
0000000000000000000000010101101101101101
1111111111111111111111101100011101100000
1111111111111111111111111010000000001101
1111111111111111111111111111110100100111
0000000000000000000000010011110000101100
1111111111111111111111100111001010111010
1111111111111111111111110000111100110011
1111111111111111111111011100001000011101
1111111111111111111111111011101110101001
1111111111111111111111110011110101000001
0000000000000000000000011101000011011000
1111111111111111111111100101101000010010
1111111111111111111111110110110010101110
0000000000000000000000001110101110110101
0000000000000000000000001101100101100001
0000000000000000000000010101100010010000
1111111111111111111111101110110101110011
1111111111111111111111111110010010110011
1111111111111111111111101010111001110010
1111111111111111111111110010000111100010
0000000000000000000000100011010001010100
1111111111111111111111100100001011011111
1111111111111111111111111011010011101000
0000000000000000000000000001101010101001
1111111111111111111111111010100101111001
0000000000000000000000010100101111100100
1111111111111111111111110111100011101001
0000000000000000000000010010001100001101
1111111111111111111111100110110011110000
0000000000000000000000011110111111011100
0000000000000000000000010100011011011000
1111111111111111111111011111110001010000
1111111111111111111111101110011110010000
1111111111111111111111111100000111000111
1111111111111111111111111001110001000011
1111111111111111111111111100111100010101
1111111111111111111111101100101100010100
0000000000000000000000010010111101110010
0000000000000000000000001110100111110110
0000000000000000000000100011000000110011
0000000000000000000000010100010000001111
0000000000000000000000001100001110100100
0000000000000000000000010010010010001010
1111111111111111111111111110100111100110
1111111111111111111111101110001100001111
0000000000000000000000001001100001110011
0000000000000000000000011000001000110100
0000000000000000000000000110011100101101
0000000000000000000000001111101111010110
1111111111111111111111010101100111010110
0000000000000000000000000111000111011001
1111111111111111111111110101011101011110
0000000000000000000000011100110001100001
1111111111111111111111011101000100111001
1111111111111111111111101101001111001100
1111111111111111111111110000001110101000
0000000000000000000000001110111001101101
1111111111111111111111101010100101101000
0000000000000000000000011000000111100001
1111111111111111111111011000011010111110
0000000000000000000000000111100111110101
0000000000000000000000100101110101011111
0000000000000000000000010101101010000100
0000000000000000000000000110110110000111
0000000000000000000000000110011101110010
1111111111111111111111110011101010000000
1111111111111111111111101000111100111011
1111111111111111111111101010000111100111
0000000000000000000000011001101011110101
1111111111111111111111100011000110001011
0000000000000000000000000000010111001001
0000000000000000000000000110110101010110
1111111111111111111111011011100011001011
0000000000000000000000101101111110001000
1111111111111111111111111011101000101000
0000000000000000000000011110010110111100
1111111111111111111111010111101111111000
0000000000000000000000100010111100100011
0000000000000000000000101010011001111101
1111111111111111111111001001001100111110
0000000000000000000000000010010110001100
0000000000000000000000010011001000011110
1111111111111111111111101001001010101100
1111111111111111111111101000100011111010
1111111111111111111111110111000001010001
0000000000000000000000010011100011000110
1111111111111111111111110000001000001000
0000000000000000000000100001001001001001
0000000000000000000000000110000101010011
0000000000000000000000001101001111110110
0000000000000000000000010000110101001101
1111111111111111111111100010111011111011
0000000000000000000000001011111011000111
1111111111111111111111111010000111100111
0000000000000000000000001111100001010000
0000000000000000000000000000100011100000
0000000000000000000000000000000010011111
1111111111111111111111110010101001011000
0000000000000000000000001001000011001010
0000000000000000000000001100010100010000
0000000000000000000000011010011010000101
1111111111111111111111011100101111011001
1111111111111111111111111010010101010001
1111111111111111111111100111110100011110
1111111111111111111111111110001010100010
1111111111111111111111100011011001010111
0000000000000000000000011001110010111110
1111111111111111111111110010011111010110
0000000000000000000000001101010110110101
0000000000000000000000010000010111000100
0000000000000000000000001010100110010000
0000000000000000000000100101001010001011
1111111111111111111111100111110101011000
1111111111111111111111110000111111111011
1111111111111111111111101110100000101100
1111111111111111111111111111110011010001
0000000000000000000000010111001010001110
1111111111111111111111011011001001000001
0000000000000000000000010001011001101000
0000000000000000000000001100110010101001
1111111111111111111111010100011110011011
0000000000000000000000100000011111011000
0000000000000000000000100110001011110010
0000000000000000000000100011011000110111
1111111111111111111111001101101100001010
0000000000000000000000010111000111001010
1111111111111111111111110011011001110110
1111111111111111111111101100011011110000
1111111111111111111111101101010000010110
0000000000000000000000100010110100100011
1111111111111111111111010111101110000100
0000000000000000000000001101001110110001
1111111111111111111111110111110101110110
1111111111111111111111110010000001101010
1111111111111111111111101110000011111010
0000000000000000000000100110001100000101
0000000000000000000000000100100000111000
1111111111111111111110110001100011101100
0000000000000000000000111001110001110010
1111111111111111111111011110100000001110
0000000000000000000000111000011010001011
1111111111111111111111011101000010000110
0000000000000000000000010111001101010100
0000000000000000000000011011010001110101
0000000000000000000000000000001111000101
1111111111111111111111001101101010010110
1111111111111111111111111111011001100011
1111111111111111111111101111110011111000
0000000000000000000000010100010111011100
1111111111111111111111101010010100010011
0000000000000000000000000011110101101010
1111111111111111111111010010111110011111
1111111111111111111111101110010101111011
1111111111111111111111101011101111111001
0000000000000000000000000001001001010001
1111111111111111111111110110011010110111
0000000000000000000000100000100101111111
1111111111111111111111111001010100000111
1111111111111111111111111111001111110000
0000000000000000000000001101101011000001
1111111111111111111111101111111101111010
1111111111111111111111101111010000011111
1111111111111111111111011111100001010100
1111111111111111111111110111000110010111
0000000000000000000000001001000111000001
1111111111111111111111011110001010011111
1111111111111111111111110111100010010100
1111111111111111111111111011100101100010
1111111111111111111111101001011011110011
0000000000000000000000011011001111001010
1111111111111111111111110101000101101100
0000000000000000000001010000001011111111
1111111111111111111111010111001001010100
0000000000000000000000001101110111001001
0000000000000000000000100011001011110111
1111111111111111111111110001010000010111
1111111111111111111111101100001111000110
0000000000000000000001000111101001000100
1111111111111111111111100110011011011110
0000000000000000000000001001011010000110
0000000000000000000000000110010111001000
1111111111111111111111111111001100001000
1111111111111111111111111011010000000110
0000000000000000000000100111011001110001
0000000000000000000000010000110101011000
1111111111111111111111111111101010100011
1111111111111111111111111111010011110110
0000000000000000000000000110001100000000
1111111111111111111111111110010111010100
0000000000000000000000000010000101101011
0000000000000000000000001000000101000101
0000000000000000000000000010110110110111
1111111111111111111111111010111010100111
0000000000000000000000000010011011001000
0000000000000000000000000001011100000100
1111111111111111111111111011101000000000
1111111111111111111111111100100100100011
0000000000000000000000000001000001100101
1111111111111111111111111101000101010101
0000000000000000000000000100001010000111
1111111111111111111111111111110101111010
1111111111111111111111111101010000101100
1111111111111111111111111101010000101100
0000000000000000000000000110001001011111
0000000000000000000000000100111010000010
0000000000000000000000000011100001110000
1111111111111111111111101010011000011101
1111111111111111111111110110100101001001
0000000000000000000000010000110010100010
0000000000000000000000001100000101000111
1111111111111111111111111010101101111111
0000000000000000000000001000001000110111
0000000000000000000000100011110110000111
0000000000000000000000011110110100100000
0000000000000000000000000101001110001101
0000000000000000000000000000000000000000
0000000000000000000000011111110010010011
0000000000000000000001110011111100110111
0000000000000000000000100100101110110111
1111111111111111111111101000100000101001
0000000000000000000000001110011101101101
0000000000000000000000010101000000011011
0000000000000000000000010100110000000010
0000000000000000000000010101001001010000
1111111111111111111111111011011000111000
1111111111111111111111110001101011000111
0000000000000000000000000101011001100100
1111111111111111111111111111011000111001
0000000000000000000000010101001011110010
1111111111111111111111001001101001100111
1111111111111111111111110001010110111011
0000000000000000000000011011000111011001
0000000000000000000000001100010010111111
0000000000000000000000011000101110111101
0000000000000000000000010110000100011111
1111111111111111111111101001010101101101
0000000000000000000000101100011000100110
0000000000000000000000101001100001001011
0000000000000000000000010011000101100100
1111111111111111111110111010111000011110
0000000000000000000000001100111110000110
1111111111111111111111110101110010001010
0000000000000000000000010100000110001001
1111111111111111111111111100111001101111
1111111111111111111111101101010101001110
0000000000000000000000001101011000000101
1111111111111111111111011110111101010000
0000000000000000000000001101000010100101
1111111111111111111111011010010011110101
1111111111111111111111100100001000010100
1111111111111111111111111001001101001010
1111111111111111111111111101100010110110
1111111111111111111111101111000110111111
1111111111111111111111111100000011101010
1111111111111111111111010100111001010101
0000000000000000000000000000000100011010
0000000000000000000000100000010110001011
1111111111111111111111110011010110011001
0000000000000000000000000001110100101010
0000000000000000000000001110101011001010
1111111111111111111111100001100110100001
1111111111111111111111111011001100101000
0000000000000000000000000111010100101100
0000000000000000000000010010000010011011
0000000000000000000000001010101010100101
0000000000000000000000001001000111001011
0000000000000000000000011100010111011110
1111111111111111111111101011010011001000
0000000000000000000000100101111101010010
0000000000000000000000010011110011001100
1111111111111111111111101100001011001100
0000000000000000000000100010001111000011
1111111111111111111111101000010011110001
0000000000000000000000010001000010110101
0000000000000000000000001000000101101011
1111111111111111111111111001010000111100
0000000000000000000000100001001010110000
0000000000000000000000000010110100000111
1111111111111111111111100110110111110000
0000000000000000000000001000110101110110
1111111111111111111111110000010111110111
1111111111111111111111111001111101111010
0000000000000000000000101100010001010100
1111111111111111111111010011101111011011
0000000000000000000000110010010010111011
0000000000000000000000101011011000111001
0000000000000000000000001011000011100100
1111111111111111111111011110100111101101
1111111111111111111111101100101111111011
1111111111111111111111011100001000111010
0000000000000000000000100001010010011101
0000000000000000000000001001100111100000
1111111111111111111111100000001011101101
0000000000000000000000010110110110110001
1111111111111111111111011000111011111110
0000000000000000000000011111101100001010
1111111111111111111111010101100000101110
1111111111111111111111100111100001001011
1111111111111111111111101010011101010110
0000000000000000000000000111001100110111
1111111111111111111111100100010111100001
1111111111111111111111110101011110000010
1111111111111111111111100010001101010101
0000000000000000000000110001111101000101
0000000000000000000000001101010010011110
1111111111111111111111011111100011000010
0000000000000000000000001110000100111001
1111111111111111111111111011011100101010
1111111111111111111111110110001101100011
0000000000000000000000000000100101011001
0000000000000000000000000100100000110010
1111111111111111111111101101001100101110
0000000000000000000000000111110111011010
0000000000000000000000011010000100110010
0000000000000000000000100100000011110000
1111111111111111111111010001010010110000
0000000000000000000000011110000100010001
0000000000000000000000100010001110111101
1111111111111111111111100100000011110000
0000000000000000000000001011010011011001
1111111111111111111111111111000101110001
0000000000000000000000010101111011011010
0000000000000000000000001100110110010111
0000000000000000000000011101001110110100
0000000000000000000000000001111000110101
1111111111111111111111111000011111100101
1111111111111111111111011101110100100000
0000000000000000000000011001111100110011
1111111111111111111111110000000101110011
1111111111111111111111100111011011010111
0000000000000000000000010101100000000100
1111111111111111111111011011010111011100
0000000000000000000000010011100010001111
0000000000000000000000010011101011110001
0000000000000000000000011100011111110101
1111111111111111111111001111100000001000
1111111111111111111111111010001011111011
0000000000000000000000010010000010111111
0000000000000000000000000000111111001000
1111111111111111111111111000001010101000
1111111111111111111111111101000101110010
0000000000000000000000010101011001100111
1111111111111111111111101111111111011110
1111111111111111111111110010001001111111
0000000000000000000000000011010110010110
0000000000000000000000000001011011110000
1111111111111111111111100001100001110111
0000000000000000000000011001000001001001
1111111111111111111111110011010100101111
0000000000000000000000100110100111111110
1111111111111111111111011001100010101100
1111111111111111111111101110101011110011
0000000000000000000000001000010011000100
1111111111111111111111111011000000100010
0000000000000000000000100001011110111011
0000000000000000000000000000000110110111
0000000000000000000000000001110001001111
1111111111111111111111110100011110101011
0000000000000000000000001010110101011000
0000000000000000000000000101001101100111
0000000000000000000000001101100110001000
0000000000000000000000100011111100010010
0000000000000000000000001100110000000011
1111111111111111111111101010100111001101
0000000000000000000000000110010000111010
0000000000000000000000001111110100011010
1111111111111111111111110100001100001110
0000000000000000000000111010010100110010
1111111111111111111111011000110001010010
1111111111111111111111101000111000000001
0000000000000000000000000111010111100111
0000000000000000000000010001001010010100
0000000000000000000000100111110000000001
1111111111111111111111110101011001010101
1111111111111111111111011110000101000110
0000000000000000000000110110010101011111
0000000000000000000000000100011100011100
0000000000000000000000000110011011111101
1111111111111111111111101101001010111000
1111111111111111111111111101011101001010
0000000000000000000000001010011100011011
1111111111111111111111110101001000111101
0000000000000000000000000010010000100001
1111111111111111111111111000010111100101
1111111111111111111111111100111111011110
0000000000000000000000000001000110010100
1111111111111111111111111011011001110100
1111111111111111111111111100101101011101
1111111111111111111111100100111101010100
1111111111111111111111101110100000111011
0000000000000000000000000000101011101111
1111111111111111111111111001101010001101
1111111111111111111111110100100110100101
0000000000000000000000010010001111101110
1111111111111111111111111011100111100101
0000000000000000000000001111110110010101
0000000000000000000000000100110101110110
0000000000000000000000011100000011000011
1111111111111111111111111101000001011111
0000000000000000000000010010001000001111
0000000000000000000000000110100010110111
0000000000000000000000000011011111100100
0000000000000000000000001011010110010110
1111111111111111111111111100010101010110
0000000000000000000000100100001001010001
0000000000000000000000000100000101110000
1111111111111111111111111101110110111100
1111111111111111111111110111000101001011
0000000000000000000000100101101010111011
0000000000000000000000110011111001100001
0000000000000000000000100001000100011001
1111111111111111111111011111011011111011
0000000000000000000000001111010111110011
0000000000000000000000110001001000010010
0000000000000000000000000110110100001011
0000000000000000000000101001110111101001
1111111111111111111111100111100111111100
1111111111111111111111100010001101110000
1111111111111111111111101110000101011101
1111111111111111111111110100101101101100
0000000000000000000000101101010010011010
1111111111111111111111010011111100111101
1111111111111111111111110001001100000010
0000000000000000000001000010000001110111
0000000000000000000000100001111111110101
1111111111111111111111111100101111111001
1111111111111111111111111101000101010101
1111111111111111111111111111100101100000
1111111111111111111111111111101110010101
0000000000000000000000000001011010110011
0000000000000000000000000010011000100110
1111111111111111111111111011011000111000
1111111111111111111111111101111010010100
0000000000000000000000000000010111111101
1111111111111111111111111110001010101101
0000000000000000000000000010000101101011
0000000000000000000000000001000110101000
1111111111111111111111111100100011010010
1111111111111111111111111100011001001100
0000000000000000000000000100010000011010
1111111111111111111111111011010111100111
0000000000000000000000000101011101010110
0000000000000000000000000010000110111100
1111111111111111111111111111110010001000
0000000000000000000000000000011110010001
1111111111111111111111111110110001110011
1111111111111111111111111110001110011111
0000000000000000000000000001010001111110
1111111111111111111111111110011101101000
0000000000000000000000000011011101111110
0000000000000000000000001000001011011001
1111111111111111111111111001001100111000
1111111111111111111111111100010101011010
1111111111111111111111111010111000000101
1111111111111111111111110110010111010001
1111111111111111111111110110101000111011
0000000000000000000000000111011000111100
0000000000000000000000000000010101011100
0000000000000000000000000010111110011100
0000000000000000000000000101111001000110
0000000000000000000000001110111000001100
0000000000000000000000001101100011101100
0000000000000000000000010111010010101110
0000000000000000000000010100111010001000
1111111111111111111111110010010100101110
0000000000000000000000011000100101111110
0000000000000000000000001001011010110110
0000000000000000000000010111110111010011
0000000000000000000000110111001011010110
1111111111111111111111101101010110111010
1111111111111111111111011101001011011101
1111111111111111111111100110001111100111
0000000000000000000000010101110001100111
0000000000000000000000000010101011001100
0000000000000000000000100000011011101010
1111111111111111111111000010001111001111
1111111111111111111111110110011110101100
1111111111111111111111101001000011101100
0000000000000000000001000001011001100110
1111111111111111111111110111111110000000
0000000000000000000000110100001111011000
0000000000000000000000000011110101011111
1111111111111111111111101100010011101011
1111111111111111111111101001000110001100
1111111111111111111111111100000101001110
1111111111111111111111100001100000100101
0000000000000000000000011011111111111101
0000000000000000000000000101011001110110
1111111111111111111111111011101110100011
0000000000000000000000000100101110101010
0000000000000000000000001111101100101111
1111111111111111111111110001010000000100
0000000000000000000000001110111001100001
0000000000000000000000100001001100000001
0000000000000000000000000101000001111001
1111111111111111111111101011000111101100
1111111111111111111111101000001001111000
0000000000000000000000100100110100011001
0000000000000000000000000101101111001011
1111111111111111111111101110011000010110
0000000000000000000000000000010001110011
1111111111111111111111011111010110001011
0000000000000000000000010100011000001111
1111111111111111111111110110110100100000
1111111111111111111111111111010000101010
1111111111111111111111110001100101000001
1111111111111111111111010101110011000010
0000000000000000000000001001101100010000
1111111111111111111111110101010100101101
1111111111111111111111111001011101011000
0000000000000000000000010001001111011011
0000000000000000000000011001001111110011
1111111111111111111111101011100100110110
0000000000000000000000010110011010011101
0000000000000000000000010101011110001110
1111111111111111111111111101100000000100
1111111111111111111111110011001010100100
1111111111111111111111110100101101010000
0000000000000000000000010000010110111011
1111111111111111111111111011010110000111
1111111111111111111111101011001100010101
0000000000000000000000000111000100001101
1111111111111111111111010001001110111001
1111111111111111111111100101001100101011
0000000000000000000000101001000111011101
1111111111111111111110110110110111011011
0000000000000000000000101101101010111001
1111111111111111111110110001100111110000
0000000000000000000000100010001101111110
1111111111111111111111110000010011100010
1111111111111111111111011011111110111011
0000000000000000000000001011110100100000
1111111111111111111111101001101111101110
1111111111111111111111010011010110001101
0000000000000000000000000101111101011100
0000000000000000000000000110010001100001
1111111111111111111111011011001001000101
0000000000000000000000010111110001110111
1111111111111111111111011011100101110101
1111111111111111111111110101001011001100
0000000000000000000000011111000100101000
0000000000000000000000100110000111001001
1111111111111111111111110011100011100010
1111111111111111111111010001010010101010
1111111111111111111111110010111000110001
1111111111111111111111111100101001011001
0000000000000000000000011010010101110000
1111111111111111111111011110011011110111
1111111111111111111111101010011001001110
1111111111111111111111111111001011111111
1111111111111111111111111110010010011101
1111111111111111111111100000011110001010
1111111111111111111111110110111110001001
0000000000000000000000010100010111100011
1111111111111111111111011111011110110110
1111111111111111111111110010110000101011
0000000000000000000000010000100010011000
0000000000000000000000011110000001010101
0000000000000000000000011110000111101011
0000000000000000000000010101011001101100
1111111111111111111111101000000010110101
0000000000000000000000000001010011100100
0000000000000000000000101100110001101110
1111111111111111111111111101011010110110
1111111111111111111111011001111100100010
0000000000000000000000010010110101110101
0000000000000000000000100000101010100111
1111111111111111111111101000010101110001
1111111111111111111111010011110010101110
1111111111111111111111011110011001010101
1111111111111111111111110000101110101101
1111111111111111111111101000101101001001
1111111111111111111111111010001110010101
1111111111111111111111010011110001100001
0000000000000000000000111010011010100000
1111111111111111111111110011011001110001
0000000000000000000000001100100101011011
1111111111111111111111110111111110011001
0000000000000000000000000001111111110101
1111111111111111111111010101011100100101
0000000000000000000000000000011000110111
1111111111111111111111101001110111000011
0000000000000000000000000011011100010000
1111111111111111111111111010011101010000
0000000000000000000000001001010000010001
1111111111111111111111110110000001111111
1111111111111111111111101010111011011011
1111111111111111111111111111101111110001
0000000000000000000000001101110111111001
1111111111111111111111111010011100100010
0000000000000000000000001001100010110010
1111111111111111111111011101100011010111
0000000000000000000000000011011111101111
0000000000000000000000000010110100110110
0000000000000000000000001001101001100011
1111111111111111111111111100011111010110
1111111111111111111111110101001100000111
1111111111111111111111100101000010110111
1111111111111111111111111110001110101111
1111111111111111111111111110101010111011
1111111111111111111111111100001000001001
0000000000000000000000000011000010101000
1111111111111111111111011011111110100011
1111111111111111111111111001010100111001
0000000000000000000000000010110000100101
0000000000000000000000011101000111001010
0000000000000000000000001101011100110001
0000000000000000000000001001001000101000
0000000000000000000000000100000100000100
0000000000000000000000011011000101100111
0000000000000000000000001000000100110011
1111111111111111111111110111001011010010
1111111111111111111111100011011110000000
0000000000000000000000000001111111010011
0000000000000000000000100000111011001001
1111111111111111111111110111011110001010
1111111111111111111111101100011010011101
0000000000000000000000001010100000000001
0000000000000000000000000011001011000001
1111111111111111111111101111111100111010
1111111111111111111111011101010010011011
0000000000000000000000000010100101010001
1111111111111111111111110001001100110010
1111111111111111111111111001010110101100
1111111111111111111111010011010111101111
0000000000000000000000000110111111101001
0000000000000000000000001001001001011010
1111111111111111111111010110110110000111
1111111111111111111111110100011000011011
0000000000000000000000000110010111011001
1111111111111111111111011001100110010110
0000000000000000000000110000001100010011
0000000000000000000000000000111110000001
1111111111111111111111101110110000010000
1111111111111111111111011011011011110001
1111111111111111111111111001100001101111
1111111111111111111111110001001010101011
1111111111111111111111011101100111001101
0000000000000000000000000010100001010000
1111111111111111111111111110001101100011
0000000000000000000000000101011001111010
1111111111111111111111111000010101000111
0000000000000000000000010100111101001100
1111111111111111111111101000001101001010
1111111111111111111111101000000101001001
1111111111111111111111100100010100100011
0000000000000000000000111110000010100100
1111111111111111111111001101001011100110
0000000000000000000000000100110101010110
0000000000000000000000010111100011101111
1111111111111111111111000010011001101011
1111111111111111111111101111000100111001
1111111111111111111111011111000010111111
0000000000000000000000010100100000000100
0000000000000000000000011000111111111001
1111111111111111111111110111011110101111
0000000000000000000000010100110111010110
0000000000000000000000001101100110001111
0000000000000000000000010111111011111000
0000000000000000000000000000100000010010
1111111111111111111111101010000110000010
0000000000000000000000100001000000000101
1111111111111111111111111100111001000000
1111111111111111111111110100011110101011
1111111111111111111111100100110100000000
