011110001010
011101010010
100000010100
011100010010
011100110010
100000011110
011101100011
100000101100
011111110100
011100010000
011110000101
100001110110
011101111110
011110001010
100000111010
100001001110
100001010000
100000001110
100010001000
011101010110
100001001110
100000001110
011110100111
011101111101
100001000100
011110001100
100000011110
011110001000
011110001110
100000100010
011011010111
011110011010
011101010110
011110100010
011100011100
100000001000
011111010101
100000000100
100000011000
011001100001
100000111000
100000000010
011110110110
100000000010
100000111000
100000001110
011101000011
011111101111
011101010100
100000011010
011110001010
100000111110
011111100011
100001001110
100000101110
011110101010
100000010100
100000011000
011101100000
100000011000
011001101011
100011100110
011111100011
010111111100
011111101000
011101100111
100000100000
011100111110
011110100100
100001100000
011110010010
011110010000
011011001001
100000111100
011110010101
100000010010
011011110010
011101110110
011110010111
011011100011
011110010000
100010010010
100001101100
100000110110
100000101010
100000010010
011101011111
011100000010
011101100110
100000000010
011101101001
011101111100
100001010100
100000110000
011110111111
011010001100
011101001110
100000101010
100010111110
100000000100
011011001111
011110101011
011101110100
100000100100
011010101111
100100010010
100000101100
011101010001
011110001110
011110110011
100000111110
100000110100
100001001110
011110000011
100001000110
100010010100
100000010010
011101001111
100000001000
011110100010
011101101010
100000010100
011110001110
011111001101
100000100100
011110001011
011101101010
100000100110
101000101010
011111000000
100000011010
011111110001
011101010000
100000001100
100001010100
011100100000
011011011011
100001001000
011100101111
011111000000
100000101110
011100110111
100000010100
100000000010
100001001110
100000000100
011111000010
011101110110
011110111111
100000011110
011111011111
100000010010
011100111011
011111000010
100000110110
100000010100
011111000100
011110011001
011101011011
100000110110
100000010010
100000000110
011110001101
100000100110
011111101101
011111011100
011101100010
100001100100
010111100010
011110110110
100000001010
100000000100
011100011111
011110001101
011111100010
011100100011
011110100010
100000100010
011110101111
100010101000
100000010100
011111000110
011101101110
011101010000
011110111100
011100100001
100001100000
011110010111
011100001101
011011011111
011101010110
100000100010
011100001001
100000011110
100000100010
011101110010
011110001011
100000010010
011110100101
011110101001
011111010000
011101110001
011111001010
011101110111
100001010100
011101000110
100000110000
011111000011
011011100110
100000001100
011100001000
100000000110
100001101010
100000101100
011101110011
011100010010
011110100010
011110101100
011101110001
100000000110
011110100111
011110101010
100001101100
100000011110
011111010100
011111100110
100010010010
100000111000
011101101110
100000010110
100000101110
100000101000
011110100110
100001110010
011111000100
011110000111
100001110100
100001001010
100000111010
011101001011
011101011110
011101010011
011010101011
100000010110
011110001110
100000010110
011110110001
011110100101
100010000000
100000011010
011101001100
100000100000
011111100101
011110111101
100000111100
011110011000
100000111000
100000011110
100000100010
100001101110
100000110010
100000110010
011101100100
011110101110
011110010100
100000001010
011110010111
011110001100
011001000111
100000001110
011101011101
011100111011
011101110100
011110000110
100000001100
100000001100
011111011110
100000001010
011111010010
100000001000
011101011110
011010101000
011101000111
011111001000
100001010110
100011000000
100000011000
011110000010
011110010001
011111000000
100000100010
011111001100
100000011010
011111001110
011100111010
011011000110
100000001100
011110000001
011111000100
011101110011
011101100111
011111001010
011110010010
011111000101
100000111110
011101010001
011001110110
100000000100
011111011101
011101010111
011100111100
011110101110
100000100000
011110010001
100001110100
011100010011
100000101000
011110100110
100000100010
100000001100
011100110101
011101111100
011101100111
011111011011
100000101000
100000011100
100000000010
011110101001
011110101010
011101010000
011110110111
100000100110
011101100010
100000010000
011111110111
011111101010
100000001000
011011011001
100000001110
011110111011
011101001101
011011011001
100000110010
011110111000
100000010110
011110000110
011101000101
011110100101
011110010110
011101111111
011100001000
100001011000
011101100100
011100111111
100001000100
100000111010
100001000000
011110000001
011111001110
100010001000
011101000111
100000001110
011010101000
011101001100
100001100000
011101011100
011110011111
011100001110
011110011110
100000011110
011101011000
011010111011
011101111111
011101101001
100010001000
100011011100
011110011010
011111011000
100001010000
011110101010
011111010101
011101101101
011110010000
100000001000
