96
AA
48
21
51
28
68
49
86
49
96
A5
98
86
A5
44
2A
91
59
A6
1A
A9
95
54
18
28
54
5A
69
A9
54
84
46
82
65
08
26
24
84
A8
29
59
52
51
9A
55
16
26
0A
21
65
98
96
98
89
21
95
1A
58
A9
99
18
86
8A
09
2A
49
65
A4
65
05
51
5A
A1
26
09
64
1A
99
62
4A
69
A6
95
29
18
59
82
68
56
86
22
A8
6A
21
91
02
6A
05
24
84
9A
52
64
96
14
82
69
92
56
2A
00
42
56
61
85
88
26
66
51
46
66
5A
26
49
98
5A
A5
22
92
66
90
80
62
28
00
94
14
59
26
56
69
65
0A
5A
69
06
8A
64
50
99
48
46
26
A4
A9
A8
95
26
AA
9A
A6
69
A5
21
2A
62
6A
54
A5
69
90
9A
59
52
09
5A
2A
A1
69
A6
55
A1
81
66
12
06
90
26
69
1A
82
A9
A6
51
96
52
A5
55
06
45
60
91
26
6A
66
51
04
08
89
21
54
4A
61
81
04
68
54
9A
9A
52
91
24
19
9A
01
02
9A
28
A9
46
4A
A1
45
A0
65
5A
48
84
15
62
26
A1
49
69
80
2A
54
4A
A9
40
02
55
55
2A
28
1A
45
58
8A
58
82
94
A1
56
55
92
04
1A
AA
A9
98
54
A8
18
49
59
69
99
22
91
51
89
66
05
51
59
6A
49
45
A9
29
61
9A
91
A2
24
65
46
59
A6
62
56
26
54
66
14
54
46
80
56
55
56
00
95
6A
88
0A
66
56
26
91
14
96
11
15
A2
80
52
6A
25
A8
05
99
62
68
0A
A5
1A
92
58
48
66
9A
A2
95
A0
66
90
22
91
95
12
A6
A6
A4
20
48
12
5A
AA
99
61
06
9A
4A
62
02
58
50
6A
6A
46
64
4A
A6
84
19
66
9A
A2
05
A2
88
26
5A
21
41
25
46
16
56
A5
9A
42
55
24
90
A2
91
06
60
A5
05
90
A0
22
21
95
A4
56
A9
A9
06
85
49
81
64
96
AA
91
29
1A
50
A1
51
50
69
66
19
AA
A9
85
46
95
99
A0
44
2A
62
2A
24
46
98
99
55
55
89
45
10
84
50
29
88
05
8A
4A
AA
69
91
19
29
44
99
94
25
98
9A
41
4A
15
59
1A
A2
91
49
A8
A2
A8
25
5A
A5
12
8A
82
40
9A
1A
01
4A
4A
20
26
8A
84
4A
A2
A9
60
06
6A
96
86
8A
11
92
AA
A1
A9
21
42
4A
25
24
A9
54
5A
00
52
8A
5A
61
48
54
95
52
5A
A1
66
96
A6
AA
95
A4
44
A5
98
18
62
50
65
AA
5A
4A
49
04
45
56
94
06
62
41
2A
8A
45
41
11
49
A0
15
91
61
56
98
8A
69
A6
89
82
64
49
16
68
4A
9A
22

