0000078A00
0000075200
0000081400
0000071200
0000073200
0000081E00
0000076300
0000082C00
000007F400
0000071000
0000078500
0000087600
0000077E00
0000078A00
0000083A00
0000084E00
0000085000
0000080E00
0000088800
0000075600
0000084E00
0000080E00
000007A700
0000077D00
0000084400
0000078C00
0000081E00
0000078800
0000078E00
0000082200
000006D700
0000079A00
0000075600
000007A200
0000071C00
0000080800
000007D500
0000080400
0000081800
0000066100
0000083800
0000080200
000007B600
0000080200
0000083800
0000080E00
0000074300
000007EF00
0000075400
0000081A00
0000078A00
0000083E00
000007E300
0000084E00
0000082E00
000007AA00
0000081400
0000081800
0000076000
0000081800
0000066B00
000008E600
000007E300
000005FC00
000007E800
0000076700
0000082000
0000073E00
000007A400
0000086000
0000079200
0000079000
000006C900
0000083C00
0000079500
0000081200
000006F200
0000077600
0000079700
000006E300
0000079000
0000089200
0000086C00
0000083600
0000082A00
0000081200
0000075F00
0000070200
0000076600
0000080200
0000076900
0000077C00
0000085400
0000083000
000007BF00
0000068C00

