A9
A6
51
96
52
A5
55
06
45
60
91
26
6A
66
51
04
08
89
21
54
4A
61
81
04
68
54
9A
9A
52
91
24
19
9A
01
02
9A
28
A9
46
4A
A1
45
A0
65
5A
48
84
15
62
26
A1
49
69
80
2A
54
4A
A9
40
02
55
55
2A
28
1A
45
58
8A
58
82
94
A1
56
55
92
04
1A
AA
A9
98
54
A8
18
49
59
69
99
22
91
51
89
66
05
51
59
6A
29
5A
AA
85
98
A1
0A
26
96
04
95
46
A8
A1
61
2A
A0
42
95
50
99
55
12
95
28
AA
19
56
4A
18
22
89
86
58
26
65
4A
26
02
94
18
8A
AA
05
64
86
92
94
46
2A
68
A5
69
81
15
64
69
81
49
16
6A
46
51
2A
51
68
18
A4
28
14
4A
65
86
A9
61
48
00
20
56
28
84
A4
29
1A
42
48
92
AA
52
65
85
16
46
88
2A
09
9A
24
10
50
15
12
60
28
11
92
65
48
06
25
19
6A
A9
95
26
94
95
62
94
06
89
54
14
46
5A
A8
46
41
46
AA
AA
11
AA
60
58
95
16
86
06
94
AA
61
52
62
85
9A
09
A8
9A
A0
61
6A
89
A4
54
A8
86
6A
A9
6A
66
A8
62
58
96
2A
91
51
62
68
88
91
A5
86
58
12
A9
85
65
68
54
88
04
61
94
10
48
55
59
99
88
44
A5
89
2A
42
04
20
56
49
05
AA
A2
5A
45
A8
AA
21
56
16
62
AA
48
24
56
89
A4
00
19
6A
58
25
50
51
0A
98
A4
A2
65
A6
99
44
A1
14
10
2A
58
69
92
AA
81
66
55
62
48
85
91
62
9A
6A
40
56
28
52
2A
82
94
29
64
92
52
55
44
82
06
46
82
59
15
95
22
6A
0A
20
A4
89
69
56
01
09
91
14
84
5A
85
AA
86
18
A6
65
26
2A
5A
99
5A
2A
95
66
92
A1
96
61
64
24
14
56
19
11
69
06
54
48
62
A9
42
96
91
8A
24
4A
59
8A
44
AA
44
49
98
A2
54
9A
82
09
6A
65
5A
85
09
58
50
91
AA
96
60
42
59
22
6A
A5
85
5A
A6
69
9A
24
9A
AA
45
82
08
22
24
A4
52
A5
59
05
5A
2A
86
A0
5A
49
40
A2
24
51
56
80
54
4A
A4
49
A6
49
96
1A
98
A6
98
8A
61
14
A4
92
15
09
A5
04
25
58
46
60
29
56
AA
55
A9
58
9A
A5
A6
16
68
95
19
1A
69
A4
51
16
92
15
A0
60
1A
01
8A
89
10
92
52
99
A5
94
06
46
20
04
55
A6
69
82
52
88
2A
16
11
50
5A
1A
A1
88
16
85
1A
66
94
29
2A
28
99
61
55
49
84
49
99
99
AA
55
29
8A
A5
05
45
96
20
AA
4A
55
95
08
88
90
61
A2
52
49
65
25
92
AA
A5
2A
49
4A
69
21
08
A5
45
19
52
A8
69
19
94
82
4A
95
55
45
59
8A
A2
94
A0
69
85
65
89
52
5A
28
50
A6
A6
29
69
56
61
A9
5A
66
92
29
61
A1
9A
1A
26
65
08
94
A5
56
55
08
49
89
2A
66
6A
69
4A
92
64
A5
A9
A6
9A
09
55
19
60
A0
96
5A
08
45
11
65
11
24
19
51
94
A5
94
28
69
28
95
29
65
92
60
65
51
49
99
41
69
59
89
88
85
4A
A5
85
10
0A
19
25
98
8A
95
98
9A
19
66
40
0A
81
9A
82
89
A6
90
6A
9A
86
1A
16
A6
96
05
9A
51
8A
85
15
A5
86
54
A6
60
22
26
24
54
4A
99
51
5A
65
95
45
19
88
56
11
51
55
AA
51
A5
26
69
88
29
64
A5
91
06
A4
A2
80
45
25
60
92
42
69
1A
59
9A
96
29
15
95
5A
91
5A
41
0A
59
09
0A
92
45
42
64
A8
45
A9
A9
A4
6A
99
A5
AA
A4
51
8A
89
51
65
28
A9
82
29
81
64
52
4A
0A
98
5A
01
54
5A
94
A6
A9
12
21
69
88
55
90
58
A2
58
A5
61
1A
92
A9
48
A1
96
16
65
55
15
04
95
69
89
01
24
62
12
2A
61
49
08
A8
59
00
89
A0
19
66
68
89
26
A6
12
12
24
69
55
12
9A
90
95
A9
02
20
06
A8
21
A5
84
26
69
5A
A5
9A
54
A5
5A
99
99
2A
49
52
52
65
65
12
1A
65
15
14
81
46
48
A1
6A
19
65
24
85
A5
94
18
29
9A
50
0A
1A
59
69
4A
88
65
92
96
51
A9
96
8A
08
54
89
16
59
86
A4
46
05
58
14
56
5A
25
56
52
69
11
62
A9
59
99
90
61
69
A5
50
09
09
55
A4
A5
9A
44
52
58
25
A8
28
55
54
42
1A
A1
09
69
21
A2
A0
82
55
46
64
25
A9
66
54
12
41
A9
18
56
48
AA
98
A0
48
98
8A
50
16
49
50
28
48
61
65
65
89
26
94
09
89
9A
62
54
6A
61
A0
59
65
5A
86
A4
9A
44
A6
61
91
56
28
54
81
88
09
45
68
65
01
99
44
82
92
1A
51
19
55
90
84
96
A5
9A
2A
A6
12
26
56
56
98
59
A5
65
49
92
52
56
A6
09
24
55
09
A8
45
96
A6
25
62
19
65
88
5A
A2
95
AA
69
A9
44
65
49
81
01
8A
A1
99
89
22
19
06
51
AA
A5
96
A6
58
A6
42
A9
68
24
64
64
85
89
91
90
04
25
25
69
46
86
52
AA
1A
A6
99
86
04
A8
60
80
65
59
49
54
56
29
2A
65
66
A6
A9
51
6A
A9
41
A4
9A
A9
A6
80
A4
A5
1A
52
42
92
45
95
20
26
14
A6
A9
50
46
86
1A
22
A9
04
86
A2
49
9A
92
52
55
80
A6
18
60
50
12
84
86
08
62
44
96
59
16
A0
1A
21
1A
21
59
A1
84
62
AA
0A
15
69
96
96
96
26
28
AA
52
2A
25
A1
5A
9A
9A
08
A5
80
26
82
86
69
58
A9
26
A0
51
A6
1A
42
22
41
65
59
09
52
09
AA
84
12
69
29
80
88
86
84
44
45
95
66
19
95
68
80
41
9A
A4
AA
08
84
90
A6
2A
55
95
89
66
29
21
60
60
99
24
99
65
5A
22
A1
8A
95
AA
A8
69
82
02
A0
89
66
0A
14
56
5A
95
55
0A
28
29
80
11
80
56
02
61
62
94
41
5A
A4
62
69
54
61
92
90
52
A1
49
54
12
59
49
19
A0
48
89
20
69
A8
59
2A
5A
95
6A
66
A5
1A
A6
5A
49
10
A1
A2
12
68
A9
62
06
A8
A8
59
64
62
A1
95
86
58
62
5A
56
29
29
68
44
69
24
5A
56
A6
50
A5
A5
16
02
01
45
6A
90
25
95
2A
28
19
A9
06
22
A9
65
98
66
96
6A
82
68
54
54
9A
A5
52
84
AA
19
29
01
A0
52
45
15
50
25
8A
99
64
42
6A
85
A6
69
41
20
49
59
14
15
49
65
41
51
05
44
A1
02
68
51
65
A8
26
8A
6A
96
14
18
15
4A
89
95
50
98
A6
92
66
A6
16
88
41
51
92
86
22
58
05
19
56
55
22
15
56
90
96
24
66
A2
90
05
9A
55
49
40
95
59
A5
95
59
45
4A
54
A4
91
61
8A
96
A1
A5
81
96
5A
8A
99
40
90
65
41
45
A9
66
9A
54
A8
14
60
08
A6
9A
44
16
59
AA
92
80
22
84
84
80
89
A4
91
9A
69
41
55
A4
80
12
60
A9
21
68
66
42
25
96
66
26
46
91
91
24
88
6A
94
64
5A
6A
58
82
55
A4
69
69
8A
AA
28
05
19
46
12
42
A9
95
52
94
46
92
8A
A6
89
54
A0
8A
A8
22
1A
19
11
15
55
5A
18
9A
5A
88
08
51
14
69
16
99
A2
58
A9
94
49
26
54
60
59
A4
62
A4
11
54
68
22
68
49
20
94
61
08
01
14
00
6A
05
24
11
64
64
AA
06
25
89
A1
86
19
91
98
A0
26
99
68
08
4A
05
68
96
A9
98
20
29
54
68
A6
AA
64
A9
A9
69
82
26
89
4A
60
00
42
8A
46
50
59
11
90
49
89
61
64
10
52
54
99
A6
25
42
A5
2A
2A
46
AA
04
82
98
A4
86
48
82
A1
86
A1
24
66
52
46
09
AA
A2
66
14
9A
86
61
59
92
05
2A
42
16
58
51
5A
94
A9
90
A5
04
89
81
A1
29
09
1A
16
81
6A
10
55
18
68
9A
A9
55
56
21
91
84
15
21
88
56
16
46
96
54
91
66
45
98
A9
45
98
19
A4
9A
89
56
49
68
29
6A
95
95
66
44
28
A1
11
09
85
A1
84
16
29
91
98
16
A6
8A
A1
45
19
58
90
49
AA
61
61
05
99
A6
66
99
06
8A
15
92
02
1A
A2
62
52
89
44
1A
42
18
40
54
0A
69
45
62
59
6A
95
15
8A
41
1A
51
05
85
99
8A
65
96
64
98
A1
04
94
62
9A
65
19
A1
91
85
49
A5
18
15
A8
61
98
61
16
8A
0A
88
52
82
48
61
46
89
46
66
51
29
65
00
AA
A8
85
A0
A9
09
62
15
A1
88
46
64
09
29
A2
16
29
6A
04
95
05
95
29
AA
98
40
10
69
98
85
26
56
20
11
88
26
98
02
40
02
9A
60
A4
86
4A
45
64
01
65
56
12
66
88
4A
59
90
58
54
18
4A
18
05
25
84
51
55
42
50
64
96
86
65
8A
52
AA
66
8A
61
60
68
A4
21
86
A9
66
89
18
A4
51
0A
6A
A8
69
29
94
50
52
26
48
18
50
AA
50
10
80
95
65
84
55
9A
56
69
29
55
09
14
5A
8A
42
10
9A
11
A8
06
65
4A
16
01
9A
AA
41
61
19
46
96
46
14
99
66
90
29
19
A4
68
66
82
28
98
12
A5
18
4A
86
6A
11
A0
A6
44
91
16
45
15
04
86
A6
52
A4
89
96
9A
5A
46
80
4A
02
5A
60
90
29
94
14
18
5A
55
91
18
14
29
69
11
08
08
59
A8
12
51
24
49
A1
40
54
A5
69
92
56
96
42
9A
59
A4
96
81
50
44
92
28
69
58
80
92
96
65
86
44
85
5A
15
A6
09
69
5A
64
66
19
44
40
10
6A
A2
94
A6
55
15
22
51
41
12
81
29
25
25
28
84
A9
59
08
A9
A5
91
24
4A
04
51
05
59
89
A9
11
54
1A
A4
19
12
A6
50
44
95
19
95
1A
94
66
4A
58
55
A1
26
09
01
08
04
91
61
4A
02
05
A9
A5
48
29
22
05
85
A6
85
A5
55
85
0A
94
49
61
29
2A
1A
01
A9
65
5A
A8
A8
15
22
95
18
0A
01
A8
19
29
66
26
A6
99
1A
16
59
AA
81
A6
08
54
5A
49
59
92
AA
12
2A
46
89
11
44
99
28
52
05
24
81
66
48
80
55
5A
99
45
56
25
62
55
29
60
04
56
49
01
45
22
14
52
41
22
24
A9
56
89
01
04
85
85
11
96
21
66
AA
24
1A
99
24
19
A8
51
9A
A9
21
48
6A
46
61
15
A5
A4
A4
69
61
1A
24
58
86
6A
66
69
55
64
12
54
20
99
21
62
84
80

