19
86
11
52
06
05
A2
96
A2
A5
9A
24
91
A6
9A
00
44
86
66
AA
46
A4
84
58
24
95
AA
A6
A2
1A
66
91
99
18
55
99
41
6A
62
4A
99
A9
49
99
62
95
A2
55
06
05
61
24
04
0A
62
52
41
00
94
89
61
29
55
80
46
09
A4
18
68
55
66
62
08
09
A8
10
0A
62
A5
69
0A
86
96
92
08
02
85
44
59
0A
A6
40
05
05
01
85
86
4A
85
99
45
82
99
94
69
52
22
9A
00
95
86
9A
09
A9
AA
81
88
44
85
25
8A
60
8A
A5
66
28
48
A5
50
05
1A
59
5A
A9
A0
8A
84
A5
22
49
99
99
22
95
14
59
28
84
29
96
19
A0
14
51
19
59
45
26
84
59
A9
A4
64
55
96
08
58
A6
55
84
65
A5
29
5A
50
66
66
86
6A
62
96
88
41
89
24
A4
A6
10
55
05
95
25
66
00
51
A8
A1
84
00
44
84
52
99
05
08
00
09
98
A4
10
81
51
41
04
52
61
81
61
62
94
6A
91
95
00
84
16
02
50
09
49
00
84
A0
18
44
8A
10
81
52
04
2A
44
08
05
06
AA
96
04
A6
50
A2
29
90
05
12
80
48
04
00
50
6A
0A
4A
45
82
41
08
22
20
12
29
4A
04
48
20
04
10
69
A1
08
10
85
15
21
A4
05
94
84
55
A2
91
41
8A
5A
50
44
25
A4
A4
A8
41
66
50
5A
22
52
80
49
9A
86
52
96
15
A2
05
2A
A4
61
06
04
19
42
59
55
86
86
A6
90
96
A9
15
95
01
56
45
55
18
66
62
99
1A
A2
41
01
09
54
A6
69
04
5A
02
A4
41
64
51
A0
69
66
98
12
5A
99
A4
55
81
AA
56
16
A8
46
4A
86
54
12
4A
59
8A
81
25
62
44
56
92
59
51
24
52
95
06
A5
A5
41
04
54
49
9A
51
0A
51
2A
5A
18
15
86
48
59
15
A9
9A
59
42
10
48
56
18
65
82
A2
AA
29
2A
AA
5A
2A
2A
A1
A2
14
99
22
65
85
15
2A
55
2A
59
92
8A
16
6A
44
54
AA
64
02
29
54
51
09
54
AA
A6
91
10
08
52
22
01
95
65
66
51
AA
6A
95
96
11
88
55
A6
11
A5
95
11
09
16
59
54
50
40
AA
4A
58
A9
15
09
96
6A
51
58
54
5A
99
95
52
9A
9A
4A
55
85
58
A5
62
18
18
59
28
92
4A
11
92
26
95
95
A6
5A
A2
95
58
59
64
55
0A
20
A8
55
54
22
6A
55
11
22
14
50
65
48
24
40
69
A2
54
AA
A5
A1
15
68
54
25
12
69
21
81
95
8A
80
56
05
25
54
41
82
A2
22
51
55
2A
2A
89
55
56
AA
A2
A2
95
AA
91
2A
2A
26
91
11
46
44
19
80
2A
14
2A
58
90
09
48
A1
08
9A
9A
10
80
16
26
92
82
09
0A
A9
A5
22
90
58
18
28
AA
2A
58
11
81
16
46
6A
55
10
18
25
2A
94
12
54
15
A1
19
99
84
90
40
42
62
88
10
11
00
50
18
62
14
A5
82
98
62
9A
62
15
A5
4A
44
A8
06
88
88
91
29
12
88
62
58
25
48
84
19
A1
58
14
2A
91
89
A6
65
46
94
6A
85
08
49
A5
60
26
65
45
91
95
26
11
15
26
52
21
89
24
66
96
95
0A
12
A6
5A
AA
82
AA
14
50
55
25
A5
50
05
55
51
41
94
A8
44
A8
04
92
24
66
6A
98
AA
24
45
05
A8
A2
8A
25
12
84
28
82
48
96
54
4A
46
12
26
A5
99
92
65
55
AA
64
2A
54
AA
A0
90
68
15
A6
6A
12
82
1A
60
62
18
65
94
28
05
00
49
15
98
58
91
10
68
8A
1A
94
91
80
90
66
85
88
51
09
6A
95
45
15
60
58
05
84
82
62
A4
8A
A2
22
12
A4
89
9A
69
59
61
46
51
8A
41
86
59
96
1A
18
A4
26
02
A9
A5
21
A9
19
14
A9
95
2A
19
A2
62
16
82
80
AA
A5
95
52
99
51
80
2A
68
65
1A
02
2A
42
00
41
AA
81
41
08
90
94
24
85
18
24
95
96
68
55
88
91
22
98
46
6A
4A
6A
11
65
A2
48
91
2A
22
55
19
46
AA
29
9A
18
45
85
19
66
90
04
98
22
8A
A2
10
10
52
A0
02
86
42
02
68
45
A2
94
41
84
16
2A
12
99
9A
A8
25
44
46
44
64
04
26
A1
42
15
15
64
40
19
56
52
AA
A0
41
82
66
91
96
9A
68
46
18
10
A1
2A
18
90
59
84
A1
26
58
56
11
A5
A4
12
00
5A
15
86
12
A4
A0
65
85
0A
90
51
9A
22
40
05
11
54
A2
9A
80
11
A9
14
89
28
8A
92
04
8A
40
00
22
A6
98
19
18
16
5A
19
66
89
10
46
64
50
A5
95
51
22
48
90
9A
19
10
90
4A
12
10
86
A1
09
88
0A
45
26
65
21
54
2A
14
0A
44
16
02
22
26
20
61
52
28
90
00
14
18
60
A9
26
90
A0
99
49
A4
61
62
00
02
4A
60
12
A5
86
6A
49
01
65
A8
19
16
28
00
A6
92
20
56
91
9A
59
95
55
86
90
A0
66
A4
A9
8A
64
A9
21
59
54
8A
91
A4
08
5A
09
85
81
A2
25
50
9A
15
08
80
02
A5
86
14
50
94
0A
29
55
08
46
69
99
5A
8A
26
A6
25
14
65
6A
2A
58
81
50
22
1A
21
55
A6
68
49
25
26
66
A8
6A
85
52
19
68
08
51
22
1A
56
59
40
04
56
45
41
44
58
A9
11
92
19
10
85
59
56
25
54
45
A9
55
12
59
10
49
5A
50
A9
86
2A
04
24
A6
49
84
66
51
A6
68
96
15
50
06
59
A4
50
24
0A
69
A1
92
AA
50
40
28
68
16
1A
41
55
A6
28
12
2A
10
18
66
19
09
81
A0
18
02
19
26
AA
19
41
55
62
55
86
59
66
58
99
A4
10
59
98
15
99
90
22
51
A6
11
58
09
A5
94
59
89
81
45
6A
08
15
06
98
AA
28
55
61
6A
66
8A
14
04
50
80
51
88
46
91
16
A4
96
66
95
89
A9
A9
51
26
61
56
25
54
82
65
59
A8
29
62
09
20
12
A8
15
49
A6
55
A1
15
A4
A8
A6
40
59
94
15
06
59
18
64
82
60
96
46
55
58
0A
68
A6
59
51
64
90
15
49
59
A5
92
26
10
86
50
8A
A0
52
61
60
06
51
41
64
91
09
99
40
65
98
0A
06
14
28
A0
41
8A
26
01
54
84
12
80
01
41
8A
11
22
19
82
02
86
44
08
60
64
10
20
08
11
29
59
80
65
2A
99
51
59
61
61
64
61
18
51
02
68
91
61
81
00
92
98
14
82
A6
01
12
A2
20
00
00
22
60
00
54
16
46
59
24
84
82
A2
A6
4A
09
00
19
96
61
91
91
4A
A1
68
82
10
44
85
2A
A6
86
A6
91
19
28
68
66
48
80
26
AA
12
56
A2
11
02
11
9A
51
29
68
22
82
2A
A4
86
69
59
58
06
A6
89
24
89
19
19
81
A4
24
06
14
A8
61
04
96
60
86
40
A9
A6
69
41
16
0A
82
25
19
16
62
61
49
6A
A4
52
A6
06
25
A6
11
59
A6
54
A6
45
25
26
20
A6
51
86
AA
05
95
59
69
2A
A9
12
28
50
50
80
98
A1
58
A4
69
69
06
22
81
A4
01
11
81
92
22
60
95
11
A1
62
A2
A9
11
69
86
44
54
80
89
51
91
96
65
99
18
51
9A
55
5A
9A
6A
15
84
82
80
56
60
55
16
08
20
A4
82
84
58
19
42
4A
14
88
00
84
A2
90
85
10
56
9A
A4
48
66
41
89
65
0A
61
A5
A2
94
24
A8
41
A9
0A
45
66
02
06
89
5A
9A
96
26
22
A0
65
15
54
45
A8
0A
96
96
54
14
55
54
51
19
5A
14
69
85
6A
4A
99
26
55
41
01
29
48
A6
A9
56
82
A5
95
66
A2
69
28
65
84
51
11
41
6A
A4
28
66
9A
58
84
26
A6
54
A0
18
A8
08
28
9A
95
42
1A
96
88
96
51
52
24
A0
90
66
1A
25
19
42
65
5A
21
42
98
56
59
89
56
56
84
25
48
99
80
54
65
64
28
8A
49
64
04
41
0A
16
09
5A
A5
00
45
02
02
22
80
02
86
14
20
98
11
56
41
10
29
48
52
84
85
46
59
2A
19
99
98
4A
20
21
59
59
81
62
12
85
42
62
24
A5
40
09
48
02
91
46
A5
66
45
10
05
02
21
08
80
82
02
21
A8
09
0A
A1
46
45
61
89
10
41
99
82
88
22
21
42
09
82
91
81
08
8A
0A
56
15
45
81
A0
16
20
89
68
80
58
A0
A6
52
29
80
5A
22
69
A2
96
14
98
24
15
24
56
12
AA
25
62
02
55
54
15
11
A9
89
85
88
51
88
A6
20
84
54
81
8A
16
54
A9
00
A9
1A
59
A0
26
52
58
92
45
05
86
19
29
41
80
20
58
22
A5
59
54
84
12
49
89
89
A5
99
62
50
96
85
12
11
A9
89
5A
A4
95
89
66
8A
96
0A
95
96
22
A9
41
94
88
69
96
52
46
62
04
48
82
92
51
46
2A
0A
24
00
04
42
05
15
10
6A
29
66
44
A4
60
51
90
19
60
02
22
AA
AA
98
09
2A
A0
05
62
59
5A
95
2A
A2
54
88
08
92
9A
45
A0
99
82
54
18
25
0A
10
29
50
42
89
0A
16
45
44
91
81
68
62
61
41
59
10
12
A1
58
60
40
95
A8
54
22
05
60
19
95
15
44
60
55
45
29
86
95
89
8A
00
A2
A5
A9
48
19
55
AA
82
66
10
A6
A6
55
50
16
59
45
4A
19
46
05
90
2A
55
81
A1
15
69
51
84
99
AA
04
92
12
A5
58
AA
8A
20
44
A1
80
96
45
55
16
61
65
19
8A
55
22
4A
25
89
54
66
69
65
66
98
62
91
5A
62
1A
46
26
69
A5
92
89
16
92
54
26
89
15
96
8A
A8
68
85
51
68
58
96
45
A2
54
A1
A2
00
15
00
AA
58
44
08
A2
68
A6
45
91
61
82
49
05
58
90
12
0A
98
86
09
A8
A6
10
A4
60
80
55
61
14
61
A1
A6
95
06
49
0A
60
52
15
12
55
55
AA
16
01
42
21
41
54
A5
12
0A
86
94
95
58
14
02
A2
A4
40
24
49
98
19
42
99
0A
A0
85
68
04
84
24
28
A8
05
44
08
02
A8
80
2A
51
25
90
22
60
45
51
1A
81
00
8A
09
45
98
64
48
4A
69
5A
92
89
55
02
85
49
22
25
18
65
A1
62
15
56
01
54
64
59
62
10
21
A9
8A
08
44
16
15
01
92
9A
0A
11
65
59
94
A0
50
9A
61
44
21
A4
A6
80
02
A0
A5
24
A5
A1
A4
95
A2
45
26
A2
14
A5
65
A5
A8
55
51
02
14
22
A0
54
10
69
A4
95
05
99
82
2A
94
95
0A
22
68
14
09
42

