18
14
61
59
61
56
AA
9A
92
01
98
1A
04
51
94
25
51
86
29
08
4A
A4
96
A2
42
96
15
81
80
29
A1
A1
94
52
2A
A1
05
28
64
6A
8A
5A
60
58
01
41
22
4A
08
A0
1A
61
52
99
19
59
29
84
1A
0A
4A
00
65
61
99
69
42
66
05
A9
A8
91
4A
52
4A
44
19
25
98
50
84
54
AA
88
51
94
8A
98
65
65
A6
05
66
A9
28
85
AA
92
41
08
22
61
49
01
94
89
1A
59
00
56
60
89
6A
A6
26
2A
A5
19
59
89
6A
90
A8
A9
42
56
A8
09
85
26
91
16
A2
56
A4
81
58
68
6A
A6
00
20
25
25
55
51
26
58
80
1A
19
6A
41
98
62
66
68
56
60
9A
91
15
98
25
49
21
94
89
91
29
54
1A
0A
95
24
A9
58
92
86
48
91
A6
58
6A
59
A4
65
9A
64
01
95
65
65
69
92
4A
81
88
81
10
96
55
92
02
88
69
A9
44
A6
92
15
05
19
15
51
82
1A
98
95
95
81
68
88
21
A1
05
82
6A
4A
16
A6
5A
09
9A
66
00
52
08
01
A2
56
91
61
55
81
66
59
80
A5
60
A0
A9
5A
AA
69
2A
40
8A
89
65
12
0A
1A
14
A0
0A
48
1A
16
61
69
6A
9A
51
94
A5
95
A5
15
A5
02
65
92
45
AA
46
61
88
A9
A5
64
11
29
6A
2A
64
95
66
88
69
06
90
24
69
58
69
86
40
20
A8
6A
61
86
91
6A
A8
A5
80
51
54
40
60
51
99
89
24
4A
86
A6
A1
99
55
66
49
0A
24
85
A4
54
69
55
05
52
11
2A
96
92
A8
81
24
56
25
08
19
18
14
96
55
12
28
01
10
A9
42
60
85
65
68
91
4A
61
94
49
51
52
82
9A
62
28
66
48
20
65
62
95
85
06
16
06
46
16
6A
11
90
85
24
18
98
60
26
55
80
9A
46
26
59
96
51
45
62
95
65
1A
09
01
21
94
84
11
56
A8
50
46
1A
14
68
86
2A
46
19
89
A9
A0
65
51
62
49
90
56
06
69
59
8A
51
9A
A9
5A
56
9A
A5
69
5A
A9
92
40
54
19
61
A4
91
45
24
65
AA
55
90
86
16
25
00
69
54
49
A0
68
A5
11
95
69
AA
99
05
51
29
89
15
88
A5
88
96
59
65
6A
A0
69
68
26
A5
44
65
A2
59
12
51
A5
90
A8
55
26
51
A6
29
99
94
6A
98
69
15
A6
94
55
A5
68
80
69
42
5A
6A
94
19
64
96
95
19
42
52
95
65
14
06
65
A6
26
99
59
54
45
96
99
94
98
0A
56
A2
61
89
98
46
91
5A
88
98
49
2A
A2
59
54
59
A1
56
42
69
A5
A5
85
82
A6
64
69
92
4A
12
96
21
60
80
60
86
61
41
99
99
55
48
15
92
90
26
5A
05
95
46
96
99
81
68
59
60
00
AA
64
98
A6
56
9A
55
89
58
4A
9A
66
51
24
82
89
10
1A
04
68
96
11
A4
AA
59
49
85
69
05
29
62
84
62
49
A8
89
1A
41
92
80
2A
0A
60
64
45
16
0A
24
61
AA
A9
11
58
5A
06
96
68
04
59
58
08
94
AA
65
46
A8
6A
14
66
A2
9A
A1
26
88
54
46
A0
21
A1
5A
14
59
55
54
28
19
94
49
98
A6
06
54
22
84
AA
64
41
21
2A
01
8A
66
50
42
62
06
58
64
89
AA
84
52
21
A6
89
95
A8
96
8A
98
94
22
52
29
19
96
18
80
80
A6
41
A6
55
A1
0A
08
58
16
51
44
26
AA
50
2A
98
9A
22
49
12
52
60
56
A6
60
50
06
59
55
54
0A
A2
55
91
A9
64
04
66
66
29
05
9A
55
64
19
80
14
A9
9A
9A
56
64
42
46
A1
9A
A4
66
50
65
1A
56
66
0A
A9
41
95
94
90
1A
11
69
A0
A9
44
42
85
14
46
A6
65
59
66
84
AA
06
A1
AA
51
56
A1
26
6A
5A
56
A2
94
22
65
92
96
91
44
51
A2
21
19
46
A4
58
A6
65
56
58
55
91
55
69
51
24
24
22
6A
A1
A8
16
28
2A
25
12
28
99
25
1A
65
41
46
99
25
A5
98
65
A9
12
56
45
A6
46
86
94
26
A2
AA
95
18
05
49
5A
66
99
81
54
84
44
A2
4A
5A
24
8A
22
19
AA
59
99
9A
95
94
56
19
95
26
46
24
12
04
2A
55
59
A4
4A
1A
9A
A6
A6
95
59
45
21
80
69
59
9A
58
A1
16
8A
2A
50
68
68
19
46
82
A2
91
51
15
49
49
45
4A
52
11
A2
9A
6A
29
42
85
96
54
55
41
96
95
14
61
5A
22
91
98
25
8A
16
16
12
81
56
9A
69
64
29
A4
15
A5
60
92
66
A1
29
62
29
92
96
98
A9
94
49
55
16
94
91
01
26
15
A4
89
28
20
0A
46
09
AA
46
A2
1A
98
81
55
19
98
25
54
44
68
18
14
82
15
AA
29
09
6A
12
98
99
02
5A
95
60
84
81
5A
AA
89
25
54
16
4A
A8
55
55
92
19
12
99
6A
08
A9
50
65
26
A4
61
99
A6
42
A1
55
95
90
06
89
64
16
95
01
41
84
69
1A
55
A8
96
42
50
51
02
50
04
86
54
48
66
A8
89
48
15
22
68
88
50
82
10
8A
22
A6
10
45
6A
25
12
64
98
29
44
92
06
66
12
62
88
51
94
61
AA
69
42
25
5A
61
AA
51
65
A4
59
56
5A
19
69
92
A4
49
66
A9
82
A9
A6
12
68
10
61
09
60
46
94
45
21
4A
16
21
6A
AA
88
86
A8
A2
92
26
82
A2
59
51
28
56
A6
51
16
49
A0
6A
60
61
68
52
55
AA
61
69
59
42
84
A0
84
55
86
A2
86
15
82
18
40
69
99
91
4A
01
45
50
26
50
05
92
84
06
98
59
11
50
66
8A
68
24
29
49
92
89
56
49
48
52
A8
4A
8A
69
46
59
88
2A
48
16
05
5A
94
5A
61
89
1A
0A
A4
99
69
81
20
95
19
99
2A
6A
AA
96
A8
64
90
21
11
45
09
52
12
45
54
91
68
66
66
05
42
5A
98
AA
52
56
25
64
02
85
15
86
49
5A
22
49
66
60
8A
45
9A
95
12
00
66
A8
69
08
46
46
60
15
20
59
9A
95
19
01
9A
85
25
96
A4
A8
59
99
95
4A
05
45
A5
91
95
24
59
A8
05
5A
A1
98
05
96
26
05
52
A6
15
41
25
0A
58
22
A9
16
65
21
61
92
59
58
85
09
46
61
80
4A
06
58
9A
80
49
AA
45
A6
10
19
A4
61
65
24
95
25
15
8A
69
25
29
86
59
68
59
81
66
69
11
59
56
A9
4A
A0
56
42
02
85
26
61
10
82
95
96
95
98
92
A9
99
98
01
1A
55
49
95
62
05
55
84
54
45
42
65
19
59
A4
61
12
26
19
64
69
A9
42
4A
24
66
A9
A9
90
28
54
86
99
10
A5
89
66
20
00
89
A9
96
51
64
94
A1
A0
92
A6
44
29
49
2A
1A
15
11
24
44
22
65
55
96
51
56
11
51
01
91
11
80
A5
6A
16
1A
42
86
91
88
A6
9A
66
09
49
59
A4
89
A2
09
29
58
21
98
51
10
95
66
86
48
98
54
06
84
4A
22
A0
60
41
86
66
62
22
10
16
48
66
88
A4
18
44
5A
88
52
68
55
A5
49
96
02
54
65
22
59
81
98
05
14
49
A0
1A
A9
86
42
28
A0
16
2A
14
52
9A
58
50
90
12
94
68
99
5A
0A
96
A2
69
66
44
96
56
58
AA
96
0A
52
92
19
24
62
62
06
50
26
95
51
A9
20
80
A9
58
95
10
21
11
91
94
80
21
58
AA
54
92
4A
A5
00
81
6A
AA
19
49
8A
5A
95
0A
92
90
99
46
91
6A
22
46
25
69
10
56
A8
A2
86
51
84
A5
58
88
26
A8
55
A8
1A
10
21
58
A8
95
96
1A
44
5A
69
42
24
0A
56
95
14
88
61
98
89
20
81
A8
62
59
5A
0A
28
88
A0
5A
95
01
6A
64
99
A2
9A
A6
4A
1A
94
89
59
1A
56
A4
5A
91
99
21
14
A9
18
55
49
96
2A
18
59
A6
A0
50
68
91
2A
95
62
91
84
40
41
08
95
45
81
69
08
A2
42
8A
56
16
16
49
60
85
2A
92
41
65
48
24
10
A0
26
20
A6
89
82
6A
18
85
66
AA
A6
25
98
A4
98
44
28
A0
12
89
65
05
A5
96
52
51
25
AA
56
51
A4
56
4A
22
15
8A
62
5A
48
66
44
51
44
00
25
68
A1
54
65
55
60
65
0A
59
90
64
A6
18
44
4A
1A
1A
12
A2
8A
59
96
96
A9
82
68
A4
91
A9
50
81
22
05
59
49
01
1A
84
9A
10
02
64
11
02
52
98
68
05
61
59
56
9A
21
26
A5
08
55
02
A0
91
04
25
A4
5A
28
A1
89
00
28
21
58
29
69
18
4A
94
52
65
09
56
04
95
82
20
66
19
84
A2
21
A0
6A
81
11
95
44
A1
96
51
54
68
00
A4
44
44
62
40
94
96
98
20
59
84
98
49
AA
19
89
5A
22
06
61
29
08
80
69
A8
A1
92
55
9A
11
41
61
69
20
95
96
82
84
66
89
62
64
2A
95
46
60
60
9A
59
55
66
99
0A
42
A5
A5
19
88
12
A9
A9
26
96
56
06
48
2A
99
6A
19
16
51
9A
20
12
49
41
61
05
66
A4
0A
20
A9
21
52
16
81
66
A9
24
81
49
A5
95
59
2A
68
8A
65
12
A2
42
A6
26
56
58
9A
55
6A
5A
60
48
99
62
26
95
96
8A
2A
AA
8A
22
91
00
69
15
66
54
49
52
A2
A2
04
20
89
69
AA
29
AA
15
A9
42
01
60
91
66
69
12
92
82
20
6A
90
0A
69
51
11
59
69
52
06
1A
99
55
29
08
66
14
AA
2A
1A
00
8A
85
8A
40
24
95
55
46
95
2A
91
94
12
12
A2
42
8A
24
96
66
54
1A
89
45
58
49
92
90
1A
55
56
9A
69
46
81
56
62
98
94
5A
A6
95
2A
94
9A
A6
A1
56
66
54
86
91
81
18
26
89
64
10
84
64
15
96
92
49
21
95
9A
84
69
11
5A
90
95
28
60
A4
26
69
5A
68
94
89
66
09
5A
68
A9
A6
52
45
48
22
28
21
65
96
80
0A
24
94
95
A1
81
26
AA
19
65
61
50
62
28
06
49
04
12
94
A5
A9
68
82
56
A8
68
A9
8A
99
51
56
99
28
55
82
45
90
06
59
46
AA
50
61
25
A9
61
09
A2
60
28
89
4A
62
42
6A
9A
81
99
48
2A
A8
29
21
18
51
9A
1A
8A
41
52
18
82
00
16
4A
65
99
46
01
01
05
51
56
59
84
96
00
6A
55
55
8A
88
A5
24
68
6A
40
12
91
12
21
42
95
86
14
65
A4
68
A1
04
29
0A
24
58
6A
26
A1
2A
89
54
A8
A9
24
90
41
56
26
69
60
01
56
81
99
29
99
A2
99

