5A
64
89
25
65
20
04
45
0A
10
05
68
51
85
49
98
40
05
26
55
45
25
65
16
82
18
16
16
02
60
19
59
96
A1
98
92
96
9A
05
90
9A
50
19
10
60
09
69
69
69
88
40
96
59
A6
42
89
18
54
60
99
2A
58
51
84
40
92
A0
96
85
96
24
29
02
42
11
49
52
68
29
16
06
64
05
42
18
65
85
05
49
09
65
9A
21
60
64
A6
85
91
4A
82
A9
29
98
59
96
55
A1
42
92
62
45
51
46
40
05
48
96
A5
58
19
A0
40
9A
56
2A
56
A4
65
5A
69
05
12
11
AA
A4
91
44
52
25
92
99
92
A1
66
94
98
01
04
88
A6
A0
66
26
59
55
69
AA
10
45
89
59
59
96
A6
4A
59
8A
66
94
A1
06
02
20
95
40
86
A2
02
19
9A
54
51
92
98
85
56
21
15
55
5A
61
9A
45
88
90
80
20
24
98
86
21
A5
A9
89
58
48
62
49
18
21
50
25
98
92
60
9A
09
51
12
10
5A
49
69
19
84
48
00
01
88
02
52
24
40
92
8A
09
05
6A
59
A8
89
26
A0
50
00
14
69
12
14
80
99
06
82
20
50
05
12
21
01
A2
11
22
81
68
98
12
88
42
24
26
85
08
05
60
98
40
90
1A
4A
80
14
64
6A
80
42
52
68
62
8A
65
92
88
94
02
55
88
02
89
65
09
A8
A1
A6
50
05
26
25
A2
4A
66
16
12
84
90
8A
55
54
A8
62
24
A2
A8
99
86
46
A0
69
16
9A
50
A2
04
84
14
15
19
99
25
05
99
50
0A
A9
50
28
1A
56
52
29
89
A2
95
61
19
A8
A9
6A
68
29
02
9A
54
A5
19
29
99
28
45
9A
54
89
64
19
54
66
92
24
5A
91
6A
89
08
69
88
86
42
20
08
25
24
20
88
A5
95
98
26
58
25
19
42
20
85
91
A1
56
99
26
A5
95
02
01
55
48
89
88
66
45
68
A1
02
26
46
AA
AA
04
94
28
16
6A
68
18
06
29
11
00
04
94
21
68
88
16
56
62
45
08
19
60
65
16
95
40
52
68
04
86
18
21
28
90
15
A8
AA
A1
59
22
64
95
6A
86
64
60
50
64
12
94
58
84
62
88
02
69
AA
16
16
98
59
22
8A
16
A8
A4
15
92
86
6A
1A
02
AA
51
96
82
89
2A
A4
A8
22
9A
94
46
50
55
29
89
29
8A
00
45
29
94
26
1A
98
1A
20
26
46
A9
89
9A
41
05
94
04
62
54
15
66
60
A4
24
05
11
89
65
8A
25
86
54
58
12
96
1A
41
69
96
94
6A
66
2A
A6
26
49
AA
5A
54
60
86
A4
99
A0
61
89
A9
22
91
86
00
82
60
A1
19
15
00
00
95
11
24
40
44
10
5A
40
80
98
46
19
02
64
AA
90
6A
4A
58
44
88
16
11
54
54
84
04
20
00
92
99
22
80
25
66
22
11
88
45
45
6A
18
10
2A
08
A4
04
82
04
02
62
60
90
6A
90
64
A0
90
A2
00
81
58
20
81
14
1A
64
50
00
84
04
24
04
19
82
95
05
0A
AA
02
15
51
0A
11
8A
A2
00
A2
50
81
55
90
28
14
A9
02
46
62
62
19
96
49
69
96
49
82
A6
69
48
0A
45
66
05
A0
94
65
10
06
22
48
55
26
2A
40
54
85
58
06
96
85
6A
22
A9
A9
58
10
0A
2A
20
01
85
15
4A
91
15
4A
09
8A
68
26
20
88
85
8A
A6
02
24
88
85
A5
62
22
06
46
91
99
12
20
41
99
01
11
19
92
69
66
44
A6
59
1A
24
51
98
66
62
99
16
29
25
09
19
90
15
61
49
84
18
64
60
50
41
98
29
9A
54
04
94
89
42
88
15
A5
51
A2
AA
14
46
92
86
46
26
46
59
52
12
98
16
59
12
A5
A9
64
A9
12
68
24
92
48
25
89
10
49
06
94
60
5A
42
04
52
4A
5A
5A
26
84
69
46
45
A5
44
10
29
41
04
09
91
A1
A9
66
56
A1
16
5A
96
89
29
5A
29
11
A9
25
49
56
86
66
56
89
42
95
62
95
11
28
66
56
A5
99
96
56
41
28
14
59
51
51
46
A9
59
2A
29
06
64
99
56
10
10
5A
82
16
59
A5
8A
86
05
52
46
56
A1
69
16
16
A9
69
42
40
41
61
A6
9A
96
4A
6A
0A
88
25
A6
A9
42
A0
A5
A4
46
85
A9
81
62
99
58
82
1A
9A
19
65
56
16
29
A9
96
4A
41
25
69
55
15
12
89
64
89
A6
40
96
50
29
A2
06
49
52
19
92
99
18
A1
91
26
41
21
19
A0
AA
66
82
88
A2
46
00
66
89
00
06
1A
50
A9
16
02
22
A9
25
80
18
44
86
05
02
50
40
92
81
50
A8
99
59
05
A0
8A
80
86
A8
06
12
89
19
08
45
85
16
04
A0
91
09
04
0A
14
80
1A
41
40
12
28
80
44
89
10
00
22
64
18
98
02
41
25
54
61
80
26
99
12
06
52
49
95
A2
60
16
19
98
09
62
12
94
A1
54
68
66
96
48
41
9A
4A
09
86
49
69
A1
A8
18
66
56
56
44
25
99
A9
A5
66
45
02
AA
61
8A
A9
A0
06
96
89
06
55
51
56
95
04
56
A9
41
68
AA
96
05
A5
90
52
50
46
29
02
96
1A
28
96
49
54
09
1A
05
86
95
91
09
02
92
59
96
29
A1
66
69
24
90
49
56
59
54
A4
56
A5
59
15
48
19
18
25
5A
68
24
51
46
61
11
68
41
8A
52
5A
A4
99
21
46
5A
85
16
06
46
82
A5
84
99
84
A5
15
89
99
85
A4
A8
A4
56
49
46
68
06
11
06
26
81
00
81
96
41
00
A2
85
15
16
49
6A
85
5A
82
92
26
58
62
8A
12
AA
62
4A
85
68
A4
25
5A
6A
59
25
59
A5
69
55
5A
48
A2
6A
18
52
5A
59
86
86
84
85
99
94
1A
A5
6A
A0
59
86
95
5A
AA
28
46
8A
25
16
69
5A
91
A6
A8
28
01
16
0A
16
69
6A
55
5A
85
A4
84
28
90
4A
10
28
A5
85
96
49
6A
96
94
A8
6A
81
49
89
6A
46
88
A1
81
4A
29
64
81
25
95
A9
6A
56
28
22
6A
49
68
69
61
40
A5
84
68
16
94
95
14
9A
48
A1
86
9A
5A
02
A1
55
85
4A
25
2A
95
85
90
04
40
8A
45
22
05
26
A9
44
69
84
60
06
04
88
84
28
10
00
10
1A
10
42
A4
A5
28
09
60
18
14
48
04
25
85
44
52
10
01
69
44
0A
24
16
68
A6
A8
85
0A
28
41
42
50
12
21
90
11
A9
55
9A
14
88
20
64
08
50
95
A9
02
A5
A9
94
9A
A5
28
91
21
58
16
88
50
11
18
05
86
01
01
52
4A
92
A1
42
21
82
4A
01
A9
24
61
4A
18
04
95
66
65
1A
86
48
61
89
6A
61
A5
91
49
4A
89
6A
58
51
52
88
19
26
69
56
64
89
A1
18
5A
51
9A
89
A4
24
8A
48
6A
48
A5
01
86
62
84
0A
20
90
00
12
91
41
90
A5
29
10
62
42
61
18
99
21
68
6A
62
95
59
82
A4
0A
86
A4
61
41
59
85
6A
A4
84
94
84
1A
01
65
42
14
5A
69
84
08
6A
81
28
22
6A
81
05
89
9A
A1
6A
5A
A5
2A
24
96
12
88
80
88
84
98
84
85
88
86
6A
25
A6
95
18
56
15
85
56
16
95
21
89
84
4A
15
1A
69
95
66
56
AA
55
2A
05
45
15
6A
5A
55
09
2A
A5
A2
51
AA
02
AA
AA
42
56
85
04
98
89
91
55
85
40
28
40
69
45
A5
28
28
6A
11
AA
95
0A
46
2A
8A
05
6A
2A
6A
AA
1A
55
55
55
54
AA
42
9A
56
52
94
A8
9A
99
4A
69
56
92
1A
A1
11
89
15
91
4A
64
56
84
AA
24
9A
89
9A
2A
0A
95
16
11
80
40
6A
96
08
45
85
16
02
69
44
06
8A
59
80
69
85
59
44
95
A4
99
91
A1
29
55
95
22
24
12
01
A8
8A
0A
11
50
68
99
24
50
AA
4A
09
08
04
94
2A
49
56
95
95
6A
89
98
24
95
8A
05
A5
04
55
85
14
02
28
05
01
05
04
09
12
09
48
28
15
04
2A
08
90
00
69
14
18
2A
85
24
15
A9
29
08
0A
45
28
64
94
55
2A
42
22
84
01
18
80
85
A2
6A
A1
1A
54
A9
28
02
0A
64
56
51
90
50
04
58
AA
44
45
14
14
89
8A
04
00
06
05
26
09
2A
44
01
99
11
20
00
55
AA
84
46
54
10
94
AA
22
04
64
10
00
80
55
1A
11
11
94
59
42
01
92
18
66
14
A2
05
19
06
84
A4
49
94
20
46
9A
95
0A
4A
92
62
59
05
24
84
11
86
54
14
55
48
6A
2A
90
58
15
6A
2A
68
09
86
95
54
AA
95
55
66
60
15
25
95
69
08
99
15
44
06
9A
55
85
85
89
9A
89
A5
55
09
10
55
9A
94
A1
8A
85
99
45
1A
55
15
A1
15
9A
84
84
6A
05
68
A9
84
19
40
10
04
5A
58
18
18
00
02
A5
60
52
9A
44
80
25
51
2A
99
9A
65
89
09
82
56
2A
0A
61
19
22
00
64
24
20
A1
A5
A4
0A
84
65
56
A5
1A
41
85
92
65
5A
60
15
24
00
A0
9A
48
05
12
68
02
61
05
8A
91
44
45
4A
61
A5
61
58
65
42
6A
8A
14
5A
00
A6
16
61
98
0A
16
80
1A
85
0A
A5
18
08
A5
5A
5A
09
48
0A
24
81
01
16
5A
66
12
26
58
56
16
99
46
89
92
A1
64
10
92
64
59
29
85
50
61
5A
64
55
52
62
62
52
50
58
66
25
85
A2
2A
5A
18
16
24
64
6A
98
1A
91
15
59
59
66
0A
61
9A
61
64
65
66
55
91
58
2A
A1
A9
A5
6A
6A
65
25
2A
1A
54
58
5A
A1
64
50
AA
5A
9A
94
A4
46
5A
A5
65
11
2A
5A
A9
29
25
9A
25
12
05
60
A9
0A
08
99
48
40
21
85
80
20
91
0A
04
29
58
10
02
6A
4A
05
61
12
94
61
20
A4
48
15
59
42
95
4A
80
61
24
68
00
52
91
91
88
04
01
88
14
66
92
A5
10
12
08
42
58
64
22
05
09
10
19
6A
48
20
66
24
85
12
A1
81
24
80
24
81
18
81
45
92
28
5A
68
A2
1A
65
82
21
21
65
08
21
46
52
80
45
08
A2
1A
99
A6
91
99
5A
A2
A2
A4
21
65
56
42
0A
85
18
68
98
02
A9
91
0A
20
99
16
11
46
9A
59
58
12
A1
66
A5
A9
89
1A
92
08
65
A1
65
1A
19
12
52
65
21
06
58
A1
18
02
64
89
20
6A
6A
05
88
99
84
14
66
52
99
A1
22
99
90
45
9A
6A
A5
42
4A
96
61
92
15
61
25
5A
A4
A6
24
21
8A
12
91
58
61
18
46
61

