25
50
98
80
00
88
44
98
89
A0
86
A4
19
96
A9
49
52
08
06
A1
18
64
65
86
48
A4
12
61
A5
56
99
14
25
21
48
65
A1
94
95
A8
64
1A
26
06
10
41
92
25
85
50
85
56
12
4A
66
16
28
44
10
21
42
A8
0A
12
08
92
40
65
95
21
21
64
59
24
65
94
10
99
25
10
89
A5
21
41
85
86
29
8A
20
04
28
64
62
46
49
A9
A5
41
14
A1
AA
50
69
64
A4
59
80
1A
59
48
62
56
26
26
55
99
19
84
65
89
A5
68
59
5A
A2
5A
25
94
68
28
06
09
59
82
51
19
6A
59
95
00
91
26
98
6A
02
11
44
56
82
12
45
12
05
08
55
0A
A2
95
5A
A4
49
12
55
64
62
25
1A
54
A9
69
56
82
65
A5
5A
42
89
99
19
91
98
49
59
29
15
92
80
54
62
66
96
21
68
80
06
01
14
10
11
A6
01
82
81
11
11
40
24
41
00
21
44
20
01
82
20
91
41
52
50
90
02
05
09
18
80
AA
54
01
51
28
50
A5
1A
9A
A6
48
08
25
8A
AA
61
28
A4
41
40
50
68
86
16
96
98
02
19
26
48
00
40
81
61
80
02
A6
45
AA
86
58
80
50
86
62
54
18
05
24
0A
11
55
02
10
2A
11
91
05
55
01
0A
20
88
96
10
04
60
11
95
88
66
92
55
65
20
18
55
42
18
A2
94
61
44
99
19
95
18
06
41
96
80
21
88
99
A5
AA
A5
20
A9
A9
80
98
91
59
88
A4
9A
2A
19
82
66
96
82
A1
05
25
10
59
19
44
55
81
89
28
82
55
10
A6
95
A0
84
98
91
A9
9A
15
25
A8
92
66
84
45
98
99
26
46
24
A0
89
09
05
62
A9
19
A9
46
46
49
55
01
82
04
46
91
62
95
96
81
60
10
4A
61
12
94
98
20
42
95
9A
60
84
A6
40
A8
02
9A
21
A6
14
82
50
52
A8
A9
00
44
85
82
88
45
6A
82
80
82
50
52
64
42
24
49
0A
0A
02
92
42
00
51
26
AA
99
66
52
95
6A
89
08
21
28
84
69
52
10
25
88
92
0A
5A
95
99
90
99
16
56
46
98
86
88
15
44
21
16
21
56
81
25
1A
AA
6A
24
90
81
A4
A0
88
8A
85
A8
0A
A6
2A
0A
58
96
65
21
66
05
52
A6
A5
A2
41
86
22
41
86
9A
0A
14
6A
2A
42
A1
10
A6
82
96
94
21
56
A2
08
88
9A
29
45
58
44
40
59
55
52
44
04
66
00
45
AA
05
82
AA
82
10
50
10
82
59
85
A9
56
15
68
0A
5A
66
6A
61
12
41
22
A5
55
84
52
42
25
91
49
06
96
01
89
20
02
A4
02
51
A8
40
16
00
60
61
44
96
08
01
82
4A
21
19
A2
45
80
1A
20
81
08
59
00
AA
00
46
10
80
64
29
44
04
42
A2
80
15
00
A9
59
8A
50
56
89
41
02
69
08
65
04
92
14
94
24
05
52
22
98
41
A8
08
A0
14
81
19
28
01
50
18
14
12
00
15
16
01
06
00
50
06
18
8A
A1
54
91
44
20
56
A0
A9
A8
89
21
22
90
92
95
69
40
8A
A6
94
85
84
50
21
05
55
14
94
66
11
26
19
A6
A9
58
A9
59
60
58
A6
45
98
96
66
12
99
5A
99
48
2A
58
A6
45
84
58
81
50
01
44
29
42
66
54
62
69
16
21
95
59
26
94
A8
68
40
00
99
88
A6
96
41
9A
81
56
A4
85
A4
44
22
89
49
46
88
82
59
99
44
6A
9A
80
88
91
01
A6
AA
19
60
9A
18
95
A6
29
69
AA
68
80
11
91
96
68
89
09
95
01
90
A9
52
02
59
40
64
41
25
65
61
99
91
A6
84
61
16
64
58
09
A6
29
59
6A
A4
14
69
96
82
5A
02
81
44
80
64
04
01
0A
68
A6
80
55
46
09
58
08
00
8A
9A
10
54
50
A6
AA
94
42
48
26
A6
26
A1
49
51
5A
96
68
56
22
84
46
18
9A
26
85
48
98
52
A2
64
26
01
48
58
55
26
5A
88
29
16
52
64
18
59
22
59
92
19
29
44
A9
68
5A
10
44
91
64
52
A5
AA
55
91
56
91
24
09
56
45
45
A2
14
44
59
A8
50
84
4A
11
59
01
AA
46
94
59
9A
59
18
96
99
02
46
A2
04
25
91
25
68
84
A2
94
46
29
A9
24
59
A9
12
18
09
A9
61
62
61
82
26
59
96
52
68
A2
42
89
95
91
96
81
81
A8
04
0A
42
08
2A
12
09
50
00
99
82
10
02
84
A2
18
A2
59
A8
A2
45
8A
09
49
46
02
06
80
25
04
22
00
AA
42
82
A0
8A
11
14
21
45
14
20
10
22
61
11
60
42
81
18
11
41
20
82
28
80
00
04
51
80
92
68
09
11
42
08
05
58
48
81
98
54
46
04
29
00
16
4A
92
19
02
82
5A
00
80
98
10
90
00
02
51
45
01
02
20
8A
16
18
A0
88
11
88
6A
85
11
A8
12
02
A9
A9
A9
56
49
98
9A
81
9A
59
64
AA
6A
06
51
A4
56
A4
20
0A
15
92
86
69
09
6A
05
25
A8
08
58
95
69
04
86
A5
08
61
0A
A2
54
19
18
0A
04
56
AA
98
A9
5A
AA
6A
66
40
64
28
56
86
A4
21
15
49
8A
29
24
94
84
94
16
59
A6
62
89
A9
96
5A
58
24
54
A6
95
A9
06
61
64
21
08
A5
20
62
21
64
8A
11
65
01
29
00
66
19
60
48
6A
02
19
A1
82
22
91
04
95
06
26
91
A5
51
16
A8
AA
64
61
08
69
2A
A5
A2
54
59
68
A6
55
AA
94
51
56
00
48
21
A5
AA
A2
12
60
08
A8
12
55
61
90
29
9A
A6
65
A8
65
25
96
2A
40
14
61
25
05
A9
A8
A1
A4
A9
A1
95
96
94
A2
55
95
15
56
5A
50
A1
85
48
55
A5
41
A9
5A
65
86
05
A4
54
69
26
66
61
84
95
29
42
29
18
A5
19
A5
56
56
52
65
1A
45
52
4A
15
9A
66
9A
55
A6
99
81
29
56
A9
A5
64
A5
01
28
A4
49
85
58
55
91
82
90
89
AA
40
A1
81
02
61
52
94
A1
84
9A
18
41
98
A5
48
AA
90
46
10
12
14
55
16
65
62
AA
21
55
A5
26
2A
69
2A
68
4A
94
12
85
A4
80
85
11
A0
20
A4
80
60
40
A8
65
10
58
22
A5
28
90
81
1A
1A
24
58
A0
61
A0
A4
0A
21
10
51
21
22
24
84
52
08
88
09
44
A4
49
40
02
20
A1
91
20
09
58
66
42
28
00
00
A2
22
41
28
66
6A
81
45
90
10
11
08
A4
84
29
12
1A
24
20
04
20
58
14
5A
95
00
62
21
00
98
00
40
28
94
A0
90
68
55
8A
90
91
69
98
69
88
54
2A
A2
A2
82
21
06
98
2A
10
1A
04
64
66
61
59
92
99
54
50
A6
A6
A9
66
5A
90
02
06
A6
88
82
49
88
64
1A
09
55
46
99
28
60
05
48
69
08
58
50
A9
44
64
1A
A4
18
29
20
6A
42
A9
10
52
A9
41
62
65
AA
68
59
26
16
58
90
9A
01
1A
A1
A5
4A
12
AA
5A
02
09
8A
98
1A
80
18
0A
10
45
08
60
68
80
A1
2A
81
29
10
A2
15
5A
0A
6A
8A
A8
A6
92
21
1A
A1
A2
86
54
94
A2
04
20
6A
8A
06
14
22
62
68
15
46
28
8A
09
A8
25
0A
09
69
6A
01
94
88
00
20
90
15
26
61
20
40
A5
56
A9
AA
08
55
00
20
85
61
56
46
01
69
28
A2
52
05
04
65
16
A1
26
02
81
15
16
09
55
A8
99
96
50
16
A1
05
2A
49
85
95
91
86
22
9A
22
40
68
A4
68
9A
95
28
60
56
A6
AA
84
A8
69
16
89
A4
1A
66
AA
A8
58
96
91
49
A6
6A
60
65
A4
12
06
42
95
69
6A
A8
0A
0A
85
95
11
68
54
14
66
69
66
04
89
86
48
91
69
A4
56
AA
80
14
42
65
28
49
5A
88
96
6A
52
61
A9
28
69
29
09
29
19
01
05
2A
A8
99
55
91
99
AA
2A
02
9A
09
00
41
04
11
04
A9
AA
80
02
15
50
10
18
29
01
15
84
29
AA
1A
02
61
12
59
29
00
A0
48
A9
A9
2A
19
14
24
41
0A
4A
82
40
56
A5
69
10
94
41
16
10
25
51
50
29
20
02
10
08
64
41
56
40
9A
4A
AA
10
08
04
9A
81
02
26
00
04
81
20
59
88
64
85
05
5A
28
A0
10
94
90
64
60
0A
A2
12
4A
A1
61
02
44
44
96
45
12
14
29
19
86
05
41
16
69
45
24
18
18
56
99
A9
15
19
A5
A5
29
64
26
51
64
68
09
5A
21
86
11
99
61
04
AA
58
96
11
16
89
6A
42
41
80
2A
66
84
82
58
06
26
80
16
89
80
92
01
01
65
55
88
22
64
45
6A
96
45
A2
58
9A
96
42
46
55
A6
99
90
52
85
58
A4
A4
91
88
29
29
25
58
2A
81
96
54
91
A2
04
10
91
AA
48
8A
4A
8A
A5
92
A9
68
28
A9
60
20
54
2A
14
28
AA
0A
54
29
4A
A9
96
0A
29
A4
22
69
25
24
A8
40
6A
61
69
95
51
50
99
85
69
6A
26
56
9A
25
46
40
28
18
80
02
61
52
22
89
A5
01
1A
18
20
54
94
51
04
45
91
61
A2
92
AA
4A
02
65
96
A4
A0
50
65
69
19
65
A2
25
9A
25
04
80
29
91
12
89
90
22
29
61
1A
16
45
A6
15
AA
48
96
99
55
6A
1A
04
01
9A
A6
64
08
2A
25
89
60
4A
49
55
2A
69
11
82
60
68
5A
68
A0
16
62
64
92
61
1A
6A
56
A5
11
60
81
16
28
20
58
40
5A
61
60
AA
94
85
96
94
68
61
64
A1
58
A8
20
A0
28
86
12
99
99
4A
45
42
90
45
15
12
A4
65
65
0A
19
98
65
A1
A8
2A
52
18
90
1A
21
A9
04
A0
09
19
02
51
01
81
98
20
91
99
00
28
02
28
5A
81
A1
10
A5
1A
10
69
01
28
58
18
41
A0
91
22
20
02
81
20
61
A4
01
60
01
25
18
80
84
14
02
84
08
5A
0A
48
69
85
40
14
81
A5
90
0A
48
88
6A
62
11
02
04
81
02
A6
84
A0
61
95
64
0A
0A
5A
10
42
24
20
21
48
10
40
24
A1
42
20
9A
25
48
A1
54
12
21
20
96
44
49
48
98
12
A4
24
09
22
05
50
AA
28
49
46
06
61
19
55
A9
96
40
99
88
91
A1
2A
25
95
21
A8
A9
68
09
84
A5
58
28
42
85
69
1A
94
89
44
A8
2A
95
91
04
A1
A9
5A
29
59
66
66
0A
69
92
2A
A1
14
9A
64
89
A9
88
56
29
5A
A6
80
15
11
16
A0
A9
14
96
12
60
82
66
88
64
28
45
AA
28

