25
66
6A
55
55
25
82
5A
96
54
84
9A
49
28
AA
59
0A
A9
05
91
65
40
58
90
98
62
96
92
56
55
AA
51
28
91
26
80
1A
54
56
A4
96
99
90
62
5A
2A
50
96
48
55
94
25
55
62
25
41
A5
12
A9
81
28
15
41
98
21
98
60
94
8A
4A
94
9A
65
55
14
64
85
95
1A
A2
46
0A
88
56
95
16
A6
00
89
86
08
4A
54
19
62
82
91
A1
28
56
4A
51
A4
84
65
92
11
8A
AA
46
05
8A
19
6A
99
24
86
96
A6
56
62
29
06
16
40
89
61
55
29
26
59
A8
A5
66
1A
1A
8A
46
59
05
82
94
1A
80
12
A4
68
85
58
19
A6
98
A9
86
92
68
8A
94
46
99
A0
16
14
56
4A
59
5A
62
6A
0A
68
A9
96
A5
14
88
89
59
60
A9
A8
A6
86
51
A4
9A
59
2A
A2
4A
08
52
41
41
25
80
02
0A
42
62
96
55
85
AA
A8
02
26
45
68
49
64
22
45
16
66
1A
A2
A8
65
89
10
01
A0
46
5A
0A
88
A6
85
95
A8
98
46
10
1A
60
95
56
55
05
15
56
00
1A
41
56
8A
04
5A
62
91
64
82
A5
42
56
A4
94
22
A9
88
08
28
A1
98
69
45
69
06
02
59
25
28
98
9A
59
4A
9A
05
96
48
60
5A
21
09
54
84
11
60
05
09
55
56
9A
15
62
1A
A1
81
2A
40
A1
41
09
A2
A1
44
A8
A1
46
51
A9
40
50
9A
48
92
A9
9A
40
15
44
4A
A0
16
46
45
65
92
A8
A4
29
10
14
65
49
69
26
65
48
49
91
15
58
A4
42
5A
80
A6
69
12
1A
99
99
68
85
51
86
61
18
96
69
94
44
40
49
1A
99
01
94
4A
54
4A
05
94
5A
51
6A
81
15
56
48
A9
24
A2
42
69
11
94
00
29
94
84
61
64
86
88
59
59
65
29
A6
24
A6
52
11
22
A8
48
92
A2
66
24
96
4A
16
61
22
94
50
69
88
01
49
11
40
00
96
00
5A
28
A0
98
04
45
50
41
A1
61
A9
51
58
89
28
51
96
42
60
2A
25
96
48
8A
19
A9
9A
65
69
A8
A1
01
99
A4
21
00
20
80
15
65
AA
62
A6
61
15
5A
90
22
24
54
4A
24
95
15
56
40
96
42
85
6A
9A
96
9A
20
24
59
6A
95
56
69
59
59
59
24
2A
69
A9
61
88
A0
28
99
56
A2
A8
42
62
26
16
14
5A
69
50
90
8A
A6
10
68
56
66
51
56
AA
86
91
68
15
59
95
4A
6A
60
A4
65
12
AA
95
14
48
A9
6A
A6
6A
A4
16
28
15
14
20
42
65
68
A0
10
91
95
54
15
99
6A
6A
49
A9
A5
59
A6
95
6A
62
59
09
65
18
21
99
6A
05
16
81
96
A5
2A
29
2A
99
A0
5A
95
49
91
50
50
AA
14
94
15
45
81
5A
64
A6
59
69
15
40
2A
00
61
94
09
A9
68
59
AA
56
65
2A
16
16
52
64
58
15
25
A9
61
54
51
85
55
24
A5
61
98
06
19
96
14
81
90
A9
A1
15
84
56
94
48
A5
92
81
11
42
96
A9
90
51
92
94
2A
8A
69
1A
84
00
18
9A
52
A8
90
59
40
18
96
99
8A
99
01
AA
66
40
58
A5
24
05
94
56
19
1A
9A
21
09
51
51
AA
81
28
A0
41
12
60
22
65
58
60
0A
09
66
8A
50
02
16
52
40
04
5A
AA
62
86
08
6A
95
21
66
10
00
6A
80
96
85
20
64
95
94
15
00
08
60
52
85
42
A9
46
22
82
4A
58
40
19
68
02
85
12
68
45
61
61
A8
69
29
81
68
58
98
A8
A1
A2
80
56
20
08
04
96
10
A8
55
21
4A
80
55
66
19
A5
45
49
8A
44
8A
6A
AA
92
9A
4A
91
29
95
21
16
A0
15
64
95
2A
49
91
98
0A
94
56
A5
56
01
22
92
9A
05
64
56
95
08
6A
AA
98
11
6A
95
46
52
59
64
46
54
89
96
05
84
52
60
86
42
09
5A
66
12
A1
A8
9A
AA
08
28
20
95
08
AA
1A
A4
25
0A
12
58
04
95
45
96
92
61
15
AA
6A
26
21
28
99
69
55
6A
6A
54
96
99
66
10
51
AA
54
60
56
69
46
AA
92
5A
A9
9A
51
9A
59
54
86
82
2A
A0
49
80
08
98
9A
A5
4A
61
51
82
55
20
1A
A9
55
6A
84
61
66
95
49
56
80
08
64
6A
15
59
65
62
46
49
48
89
99
16
88
99
54
89
94
26
61
A4
26
4A
65
A5
69
58
8A
50
51
59
A5
92
42
81
6A
98
01
10
AA
46
88
24
49
2A
28
9A
59
0A
9A
40
5A
22
58
25
45
49
60
6A
62
14
A5
65
88
8A
50
05
00
1A
A0
0A
19
99
91
00
85
50
14
56
61
94
66
06
69
64
64
86
46
69
82
16
AA
AA
2A
A6
A9
55
80
88
11
59
96
24
52
44
64
49
A6
09
A8
41
56
20
A4
50
69
54
56
69
28
A8
14
49
66
88
89
A1
9A
55
95
99
66
51
A9
29
59
0A
88
6A
62
21
A1
12
94
68
18
91
1A
25
55
09
4A
A4
16
29
46
1A
A4
42
08
01
86
26
42
6A
06
95
14
81
A0
5A
15
84
28
12
29
A5
8A
29
A5
09
AA
06
59
AA
68
A5
62
69
1A
41
85
94
91
6A
A5
58
91
06
15
A6
89
A8
26
9A
52
51
56
44
8A
48
8A
15
64
68
AA
02
98
84
56
94
5A
2A
1A
A0
29
45
51
44
21
92
08
9A
66
6A
66
50
8A
95
55
66
00
81
A9
A2
91
20
01
A6
29
26
10
48
12
68
A5
92
8A
A6
61
92
22
56
A0
96
AA
90
19
A8
14
95
25
11
49
68
A5
5A
81
98
5A
06
40
5A
A8
49
49
A4
A5
2A
21
16
AA
92
66
56
52
54
89
41
19
99
6A
69
1A
14
A5
92
06
91
51
29
14
55
A9
6A
46
44
A6
92
69
80
94
09
AA
A2
A6
86
65
1A
59
2A
96
92
96
64
5A
96
58
96
6A
25
46
52
26
08
15
A5
6A
65
51
25
69
1A
02
06
88
99
A6
94
58
62
56
6A
86
66
5A
11
59
88
2A
8A
8A
2A
26
16
99
05
89
95
58
9A
49
0A
16
06
29
16
69
95
66
21
06
21
95
96
58
96
A1
96
54
82
12
66
18
59
5A
99
1A
68
08
A8
09
61
66
A1
06
88
0A
1A
56
21
48
65
56
15
A4
84
61
1A
58
58
89
A0
14
58
85
6A
69
5A
61
96
15
02
61
A5
10
61
61
68
81
68
62
8A
10
69
59
4A
96
8A
A2
25
84
26
96
A2
68
29
2A
10
8A
0A
52
A4
56
55
09
11
49
56
16
86
12
25
68
48
69
29
68
8A
51
66
92
90
10
80
95
A4
A1
95
4A
66
60
61
52
9A
16
99
28
12
A1
A1
86
44
A5
1A
56
01
1A
99
18
16
51
68
60
52
55
85
64
AA
89
86
10
94
80
20
99
A8
06
14
1A
40
4A
21
25
09
9A
1A
A4
51
29
44
64
A1
50
65
60
A4
05
11
62
05
28
08
54
AA
86
55
22
40
51
94
88
94
44
A1
08
29
91
82
20
09
95
A0
1A
55
0A
55
88
18
51
29
88
61
89
61
06
6A
15
80
68
22
42
AA
A1
95
2A
A9
5A
62
55
61
98
A6
59
8A
41
AA
91
59
81
A5
20
61
96
42
1A
61
09
02
91
16
61
28
25
55
9A
59
19
88
5A
46
A5
4A
50
49
69
42
2A
68
59
00
16
12
15
0A
A6
69
A6
66
AA
58
A6
95
92
9A
1A
5A
91
56
94
A8
49
64
85
05
82
A1
48
AA
08
20
A8
66
A5
A2
94
59
64
20
66
84
A1
96
2A
62
18
50
96
95
A5
44
A2
AA
42
50
82
59
A6
06
65
9A
42
99
AA
95
22
51
4A
55
96
A4
06
A6
62
55
95
42
42
06
42
55
6A
18
65
46
60
48
64
A8
10
48
61
A8
18
15
90
A1
88
61
92
08
15
81
0A
50
42
9A
2A
88
11
A6
56
62
6A
22
96
08
69
65
A6
8A
6A
25
82
49
2A
81
AA
86
21
89
11
26
14
A8
95
88
A6
65
46
48
5A
54
80
42
A6
8A
89
05
A4
91
15
20
10
26
04
A6
54
2A
91
61
15
85
A8
24
56
99
08
A6
54
48
56
48
68
45
29
88
66
51
59
A9
46
16
0A
29
24
9A
65
68
94
29
44
58
45
91
44
5A
52
16
56
55
58
51
4A
19
95
A2
96
A2
A5
94
69
68
A2
9A
0A
A6
06
96
41
88
A9
8A
91
86
60
A8
64
85
91
69
A9
69
81
65
01
1A
A5
01
59
94
A2
65
59
06
4A
15
AA
49
56
4A
69
A9
45
46
48
90
56
61
1A
6A
54
09
54
1A
54
88
00
09
50
96
85
04
12
52
55
92
16
89
91
19
41
09
99
15
99
0A
42
54
A4
0A
61
69
88
A5
8A
1A
19
85
44
04
02
42
A5
94
5A
98
2A
A2
82
69
A4
59
00
00
A6
6A
56
02
45
65
59
50
9A
A5
82
20
91
82
46
14
05
15
04
91
98
A1
26
A9
5A
25
9A
4A
56
A1
9A
25
69
66
50
65
55
45
42
A5
69
44
66
08
69
96
91
12
9A
41
92
AA
A2
51
65
A2
81
2A
52
A9
80
69
10
42
62
A0
14
29
88
A8
90
12
AA
15
65
69
96
12
20
48
16
85
40
8A
69
25
59
51
68
2A
AA
29
12
22
52
85
82
25
88
5A
AA
1A
85
81
9A
19
08
5A
54
28
44
6A
45
52
66
69
88
94
A8
09
62
56
68
68
6A
08
18
82
A6
41
89
AA
90
A1
65
46
61
16
64
A2
4A
41
55
82
A1
06
26
50
51
82
49
66
61
64
64
25
A6
6A
66
51
64
4A
48
65
A2
18
6A
AA
90
A4
42
44
66
85
4A
46
81
95
56
55
4A
59
86
16
90
45
AA
08
92
55
56
1A
22
95
15
46
A0
20
A6
50
54
69
9A
51
14
66
96
65
92
92
89
50
AA
41
66
88
6A
45
59
66
AA
A4
81
59
98
9A
49
22
5A
A1
00
20
89
00
61
91
21
46
A2
A6
64
02
1A
9A
58
55
48
98
8A
A4
82
68
A5
52
14
85
82
58
86
08
2A
04
2A
51
15
98
A9
1A
29
89
4A
89
82
65
85
98
A8
06
62
82
A0
12
86
51
08
A0
9A
12
98
66
58
55
09
25
19
89
0A
92
95
92
65
69
0A
2A
1A
25
19
68
1A
0A
95
69
58
15
A2
AA
19
66
58
29
50
98
5A
9A
91
24
14
69
86
18
5A
19
61
50
65
12
15
55
64
54
A8
56
40
65
16
05
01
16
14
5A
A4
09
05
08
60
86
81
02
A8
A4
A8
A1
00
68
A8
80
A4
49
92
62
A0
12
28
85
48
A6
10
50
54
80
15
A9
12
55
95
94
08
A4
44
25
52
26
60
52
10
98
98
90
01
55
24
81
9A
A0
80
56

