52
68
90
59
48
AA
64
68
06
A8
51
24
60
99
45
4A
5A
6A
64
95
62
69
04
59
11
68
A9
A0
46
19
90
A4
9A
88
A2
96
62
45
98
A8
A2
15
62
69
85
9A
40
15
08
86
0A
A9
5A
A9
A5
90
89
28
15
61
8A
92
50
90
55
A2
19
65
94
96
AA
88
62
A6
A9
4A
81
52
98
18
20
AA
29
8A
12
52
29
80
AA
62
84
04
96
54
54
2A
59
24
AA
6A
A9
96
9A
55
49
90
56
65
99
8A
54
98
95
12
08
12
85
48
1A
60
09
A1
0A
A1
45
A5
62
14
91
25
A8
5A
1A
42
49
2A
40
49
96
A8
55
A5
5A
56
08
68
95
89
A8
45
25
11
90
96
A9
56
6A
69
86
65
9A
28
99
85
19
62
59
08
A9
55
66
66
82
1A
2A
18
68
68
15
41
52
96
52
55
29
51
29
55
25
A8
4A
A2
22
25
59
95
1A
66
69
65
11
02
19
20
A5
60
A5
14
26
49
98
25
50
56
96
A9
89
92
16
4A
65
2A
16
14
86
92
12
A9
21
A0
28
65
61
A8
58
94
58
A9
61
69
96
A2
90
92
A9
A9
09
69
AA
A1
A9
55
49
56
51
26
55
62
A4
49
99
95
94
15
15
96
45
16
52
69
68
52
00
85
12
A5
5A
80
68
55
85
55
96
9A
99
A6
21
15
65
1A
94
11
A5
65
05
A6
68
51
80
A5
A0
A5
21
A4
46
04
40
40
65
66
A8
5A
65
12
A2
61
A5
24
04
04
28
1A
68
11
A4
5A
55
06
48
A6
65
82
92
68
A2
52
02
96
49
4A
00
59
28
12
94
65
A4
01
98
91
16
28
A2
14
0A
54
5A
5A
98
1A
0A
61
94
52
85
89
94
99
15
26
59
65
66
5A
91
52
46
58
A1
60
64
65
58
52
22
98
AA
19
04
89
A8
4A
11
69
62
11
29
96
26
05
AA
91
A1
59
18
4A
1A
28
99
29
55
94
91
96
45
82
66
98
25
24
26
AA
65
85
A5
6A
11
2A
24
06
16
10
28
25
A4
A9
45
95
46
99
51
28
85
88
42
59
58
18
96
41
11
52
42
10
15
95
A2
1A
61
55
55
66
62
66
01
05
99
51
86
62
52
91
94
40
A9
26
65
59
96
16
52
65
A5
61
55
AA
99
A2
22
A1
A5
15
28
90
48
88
15
89
99
66
48
A9
05
95
25
46
54
92
54
91
66
24
80
99
55
8A
58
89
80
19
55
4A
42
85
58
A0
59
06
24
84
5A
88
A5
59
9A
0A
69
99
A1
06
82
28
05
11
01
4A
86
4A
45
52
15
69
A2
59
61
58
42
25
1A
25
AA
88
26
65
96
19
65
69
55
59
A8
AA
65
1A
1A
A0
65
08
A2
58
89
46
95
95
5A
26
90
A1
1A
00
44
69
A8
6A
82
62
A4
19
A6
84
16
1A
40
52
4A
89
49
68
A8
24
84
0A
AA
41
45
6A
16
64
69
89
01
61
5A
A5
A9
24
9A
16
80
99
66
25
0A
49
A6
01
48
81
04
5A
95
A9
64
5A
41
1A
6A
62
48
99
21
01
A4
19
15
A5
94
16
11
82
1A
99
A5
15
9A
1A
46
58
8A
A0
40
58
51
A4
26
99
86
98
56
60
2A
90
14
98
9A
65
69
44
26
46
16
25
04
60
92
56
A9
14
55
55
65
19
A1
06
A9
06
96
91
54
05
14
A9
66
A0
2A
55
AA
19
48
55
48
99
54
10
52
99
90
58
21
5A
11
94
A9
56
45
19
48
45
85
A5
94
69
88
18
51
49
69
65
A9
A8
65
98
25
16
86
58
1A
48
68
48
A5
09
90
1A
65
42
6A
80
A6
62
11
02
21
48
56
0A
98
84
A6
48
94
58
81
56
A2
15
59
61
29
80
6A
A0
64
48
85
02
82
61
A4
64
9A
64
04
A5
AA
65
54
14
A8
56
89
90
28
A2
08
A6
56
60
42
21
A2
90
A8
69
58
91
29
55
49
4A
42
8A
A9
05
9A
50
44
A1
26
10
52
45
A8
9A
56
5A
51
09
91
22
4A
1A
55
A1
5A
41
52
18
0A
A8
41
96
69
5A
2A
A6
85
55
82
A4
46
56
AA
18
55
66
89
84
19
69
49
A1
59
1A
92
A8
01
9A
15
95
09
59
65
62
52
6A
1A
24
88
A5
96
56
08
85
8A
11
16
16
5A
22
85
50
14
04
15
A6
02
85
A9
29
14
96
92
65
6A
41
69
A5
A6
62
26
82
95
86
A1
89
56
29
4A
80
19
95
00
06
A6
14
A2
19
AA
A6
26
5A
84
84
22
95
5A
08
A6
4A
1A
41
86
82
62
00
A5
42
A1
08
16
AA
9A
51
91
2A
4A
A5
96
51
95
42
05
60
64
A5
A6
64
86
A1
68
56
85
AA
44
29
64
09
16
25
64
80
98
51
15
4A
02
69
A6
0A
54
2A
69
89
11
89
00
56
41
51
14
64
56
82
19
88
42
01
86
21
14
98
66
64
09
49
68
09
2A
A1
49
95
85
61
46
92
94
55
6A
A5
55
99
61
12
82
20
A2
28
69
48
25
52
54
66
81
44
02
60
6A
45
04
48
06
10
6A
96
A4
12
52
8A
45
A6
45
54
11
58
95
40
89
06
22
56
26
92
26
00
A6
24
99
21
0A
24
44
08
81
2A
06
A5
52
A4
51
0A
65
65
A5
0A
49
8A
00
95
89
02
A5
A6
19
29
66
40
80
8A
68
04
44
A6
94
44
A8
88
26
10
94
16
01
A1
29
60
15
46
21
20
9A
26
1A
20
59
5A
62
2A
A2
29
24
40
42
89
65
20
98
54
0A
A2
A5
85
82
55
19
50
A9
68
86
69
55
49
65
42
A6
A9
44
48
69
51
94
8A
A5
11
0A
15
20
61
21
58
2A
06
9A
85
96
A5
52
56
19
68
82
19
42
44
86
2A
28
69
20
65
A1
64
28
56
59
49
96
A0
8A
69
15
19
2A
16
AA
89
11
94
1A
26
2A
86
49
A8
52
92
62
26
A0
AA
A2
62
45
89
65
6A
80
09
09
41
06
45
56
48
99
51
18
45
56
9A
A8
A9
A8
00
A1
AA
98
91
55
19
80
66
19
46
15
24
82
66
1A
59
55
95
1A
65
91
A8
24
61
61
58
90
05
9A
44
86
25
69
18
88
56
49
A0
94
66
56
85
05
9A
8A
55
06
8A
98
0A
A0
A1
51
59
65
A0
05
96
AA
A1
59
64
94
5A
A6
41
98
A6
26
54
98
6A
45
99
06
A6
49
65
62
06
06
26
5A
19
66
59
14
50
46
26
41
56
12
04
08
81
8A
22
89
25
40
AA
10
10
51
1A
A5
66
A8
A2
58
00
A0
42
2A
05
A1
61
9A
01
01
65
56
A5
85
52
9A
58
90
59
22
5A
A4
05
15
42
06
6A
82
A5
56
16
A8
91
0A
96
64
81
A2
55
55
09
82
8A
25
44
95
98
54
52
91
8A
5A
AA
50
82
A9
12
96
8A
A2
A1
55
A6
58
19
85
94
04
02
94
49
89
25
15
5A
69
92
91
8A
19
59
49
85
09
41
6A
92
92
14
96
69
A1
49
96
69
94
41
28
85
48
85
19
05
02
AA
44
16
60
80
1A
14
11
18
A8
68
14
64
02
96
69
86
5A
40
04
55
58
59
89
91
41
25
A6
54
94
92
29
18
50
A5
41
50
81
18
2A
04
0A
6A
69
62
52
12
59
04
54
24
AA
56
A9
69
86
69
68
1A
99
55
55
94
91
89
96
49
4A
65
96
12
A6
91
18
85
99
24
A5
6A
9A
5A
A5
81
4A
98
00
44
29
A4
25
25
25
18
9A
55
16
9A
82
A2
15
46
61
66
96
95
86
91
46
91
62
2A
64
18
29
49
A1
4A
26
08
A5
40
25
88
51
68
90
81
0A
40
11
14
56
52
86
89
54
80
94
28
58
80
90
94
65
2A
59
61
64
A9
05
40
6A
99
55
A5
25
89
9A
6A
49
8A
05
56
55
19
A9
49
4A
1A
A6
A1
4A
04
56
48
A5
46
9A
49
92
A8
04
A2
91
05
A9
A8
12
24
6A
2A
2A
95
54
65
6A
95
2A
24
A6
6A
89
15
46
55
19
A2
1A
61
A6
96
59
A8
10
56
50
89
29
81
88
A1
52
08
68
A1
95
98
96
54
46
66
69
51
41
06
99
55
66
46
50
09
09
55
A5
69
68
9A
61
89
66
99
15
15
5A
65
95
54
2A
96
51
AA
11
81
95
41
19
25
62
24
91
6A
0A
96
46
1A
66
A1
68
94
41
A5
66
11
60
18
66
49
48
AA
45
55
4A
11
46
45
80
A1
8A
82
A2
64
64
9A
29
26
A9
69
28
A0
1A
5A
61
1A
28
08
A6
85
06
55
28
84
6A
AA
80
65
29
59
15
1A
92
2A
A6
56
85
0A
58
96
21
40
95
82
12
52
62
4A
42
A9
A6
09
81
22
20
69
9A
95
04
89
0A
45
24
99
08
21
16
A2
09
1A
11
6A
5A
01
66
44
95
1A
99
19
21
61
00
AA
6A
02
69
82
81
A4
41
60
02
1A
6A
04
42
1A
8A
16
64
21
52
24
40
28
AA
2A
A4
00
AA
A8
65
24
A1
52
48
66
22
1A
06
28
81
A6
AA
96
00
98
25
68
96
25
94
88
14
28
06
08
42
1A
1A
05
29
29
02
21
15
A5
00
25
16
01
20
11
8A
1A
19
46
2A
22
2A
2A
16
91
21
90
15
2A
26
19
19
28
24
2A
46
24
22
88
51
04
15
29
00
26
26
19
26
A1
06
06
21
2A
1A
20
08
16
0A
19
24
06
00
19
11
1A
02
65
25
26
18
14
15
52
15
28
24
22
6A
46
94
42
29
09
15
1A
62
91
01
02
06
19
58
19
15
24
22
19
1A
24
08
1A
49
04
24
14
06
02
84
42
AA
56
02
44
1A
21
14
19
1A
24
66
82
51
9A
04
59
51
A8
00
12
29
16
26
28
26
16
21
01
19
05
5A
28
24
05
24
99
00
A8
15
08
00
04
95
56
06
22
2A
A8
10
59
26
1A
15
09
99
69
59
20
95
81
0A
24
18
2A
54
96
A1
21
15
66
22
22
01
49
60
19
11
09
81
96
99
10
14
16
22
86
16
85
28
00
62
46
29
A4
1A
29
26
62
0A
95
22
86
85
81
15
15
59
6A
A6
92
18
02
2A
1A
21
11
89
2A
96
04
28
94
A5
89
A9
24
29
02
89
59
06
29
41
56
1A
25
06
0A
AA
16
52
08
51
26
20
00
A9
12
55
54
16
A1
1A
52
A6
51
05
82
62
26
69
28
58
AA
49
1A
58
18
69
2A
02
59
65
99
5A
A8
65
0A
2A
20
46
15
22
15
08
2A
A5
05
52
90
A2
16
28
20
11
26
02
14
05
28
29
0A
20
8A
89
4A
28
06
06
22
08
15
24
12
89
29
0A
14
85
26
20
0A
A9
80
20
14
01
25
2A
66
A6
10
1A
58
50
19
28
15
02
04
16
08
65
1A
22
44
1A
6A
0A
16
10
09
89
00
2A
26
19
81
A0
2A
02
42
02
02
94
05
2A
11
19
04

