50
A4
10
52
02
09
50
45
42
00
49
49
18
66
A4
60
9A
45
42
61
25
01
21
4A
19
46
05
08
4A
58
51
AA
59
0A
29
AA
51
12
69
56
25
9A
A5
89
94
64
62
18
00
82
05
09
AA
A1
A6
80
A6
A2
42
59
80
12
26
51
AA
68
28
A6
2A
56
1A
82
51
54
5A
6A
A0
46
66
56
92
58
5A
A9
29
6A
A5
A2
12
16
12
95
12
01
96
9A
01
AA
16
95
0A
65
62
51
86
2A
91
58
15
40
25
65
05
86
42
4A
6A
80
56
86
46
9A
95
92
61
A9
25
26
8A
29
90
89
58
66
11
A4
1A
5A
2A
A1
96
65
22
92
12
16
65
59
A6
68
99
19
92
0A
88
28
AA
A5
6A
A1
94
24
9A
6A
65
91
A1
45
21
89
A9
09
66
A8
69
96
66
04
49
92
A0
9A
A9
45
55
99
68
48
99
4A
12
50
80
00
86
40
02
10
01
81
08
22
46
5A
56
09
01
40
68
20
50
00
52
20
12
88
81
40
44
64
58
45
21
80
18
40
40
40
84
92
51
12
06
A1
05
06
18
04
46
88
09
86
66
50
44
25
98
04
92
94
02
85
49
0A
15
24
08
60
90
26
81
A4
48
22
40
80
60
65
4A
11
00
80
09
45
22
46
44
10
60
0A
45
48
44
08
46
44
14
04
28
12
61
62
59
55
54
8A
12
11
49
49
80
81
02
6A
96
86
22
4A
A6
96
99
8A
96
0A
66
59
A5
46
16
A8
68
A0
A6
86
65
86
98
A1
56
6A
91
61
14
1A
02
6A
48
8A
16
A5
99
22
09
5A
44
84
80
88
06
95
9A
21
25
05
50
56
A2
51
28
11
55
A8
19
86
66
46
A4
19
19
80
59
90
16
15
60
15
92
11
6A
5A
45
52
61
21
48
50
85
51
51
41
26
4A
52
14
96
29
48
95
45
A4
18
58
28
4A
51
42
16
01
84
41
84
2A
06
11
42
10
91
A0
94
91
44
AA
21
4A
68
15
69
61
68
92
A2
49
41
92
50
A6
15
56
10
59
A5
52
62
06
84
21
A2
06
05
98
6A
16
81
06
82
82
52
2A
88
44
94
68
15
12
A8
92
96
81
45
84
4A
98
95
8A
98
69
A5
A5
99
59
29
95
88
A4
96
2A
84
69
49
18
64
95
99
A0
29
1A
18
15
4A
5A
A5
54
A4
A4
55
A0
95
86
64
10
59
98
06
15
41
64
85
94
28
18
A6
82
95
40
65
69
9A
18
95
04
6A
6A
06
A8
6A
46
86
44
26
89
A5
2A
6A
A6
81
5A
81
58
84
45
55
96
48
18
69
26
28
A8
59
05
62
A2
42
AA
91
A6
68
26
44
9A
86
59
45
AA
85
61
44
8A
00
92
A0
20
04
0A
00
19
90
19
80
06
01
48
92
21
25
69
22
88
24
82
02
6A
06
88
04
89
51
02
2A
49
A2
A0
66
22
42
04
00
12
00
58
19
02
18
82
52
20
88
66
65
69
64
81
12
88
16
6A
02
00
41
08
10
91
02
12
44
68
90
10
04
22
18
10
A8
01
02
62
25
00
60
90
84
92
41
02
21
A0
66
A6
00
69
40
41
92
48
22
A2
98
A2
44
90
65
90
49
5A
42
95
66
9A
A2
6A
A5
8A
65
58
A5
96
10
48
1A
5A
91
08
10
6A
99
21
40
09
55
1A
50
92
56
55
69
9A
65
91
29
60
20
84
00
65
40
29
96
18
16
85
A8
69
85
82
86
42
29
58
04
06
58
11
46
09
89
A9
9A
96
66
01
52
80
92
25
94
85
88
65
5A
66
44
0A
82
94
52
6A
58
54
92
80
24
15
49
10
50
8A
65
55
65
84
68
85
06
14
01
00
94
94
69
24
64
85
62
10
54
84
41
A9
61
2A
9A
24
94
41
55
42
69
50
24
6A
44
61
45
84
65
1A
54
28
04
05
60
45
64
90
61
22
95
62
69
18
65
45
42
18
91
9A
96
AA
90
85
A8
92
92
A2
51
49
A2
24
19
40
85
62
48
91
5A
02
49
55
01
61
09
59
AA
82
25
26
AA
AA
A5
61
25
2A
29
60
49
61
A6
44
1A
9A
58
42
A0
02
58
49
26
AA
52
05
18
68
68
22
14
2A
9A
99
44
8A
98
14
65
01
A5
A9
55
95
AA
54
22
10
89
40
56
96
46
11
A2
64
50
A0
66
96
06
66
95
86
A2
85
AA
98
42
81
66
26
29
81
A2
06
62
A5
86
18
15
58
AA
56
81
95
22
66
66
A9
52
15
A5
A8
24
A8
A8
24
04
84
04
00
A9
45
48
95
60
40
24
10
01
20
4A
85
26
89
08
22
51
64
0A
64
10
55
01
59
48
0A
66
48
06
11
82
00
89
08
45
4A
06
10
0A
55
48
8A
09
00
91
88
80
46
0A
42
46
50
2A
86
96
14
A1
10
49
00
05
0A
A9
85
8A
42
A2
45
88
20
45
0A
02
10
05
65
28
09
94
45
42
2A
16
00
11
98
24
60
01
64
0A
08
0A
09
A6
98
19
48
A9
94
2A
A2
A6
69
54
AA
82
81
21
1A
A5
15
49
94
08
28
12
2A
A6
A9
56
29
A5
AA
40
96
02
86
2A
AA
60
64
66
A6
49
A9
91
01
9A
65
58
06
09
40
85
08
26
A4
A4
22
12
9A
4A
92
64
6A
95
AA
45
A8
52
91
49
96
A8
1A
5A
44
96
02
61
05
56
16
45
A9
56
94
49
82
64
06
A6
28
A9
92
4A
09
02
08
48
98
29
60
18
50
89
98
26
21
56
92
09
89
01
50
42
10
96
44
45
28
A0
42
A8
8A
19
42
A2
AA
62
64
42
40
4A
69
40
A0
11
68
A8
96
81
26
28
15
49
40
A0
09
96
01
24
69
42
91
50
01
6A
41
26
5A
48
61
84
4A
29
98
26
00
61
6A
A0
6A
49
24
96
A6
01
80
81
A2
69
01
06
68
15
41
A6
22
94
10
08
11
92
A6
A5
92
29
92
29
0A
16
66
A0
AA
81
86
29
01
86
0A
81
A2
15
25
89
5A
22
54
15
4A
48
A0
59
59
8A
0A
AA
61
26
8A
45
55
82
52
22
08
A9
52
A0
88
52
16
09
21
40
16
88
95
49
6A
44
44
82
69
A5
5A
A5
58
60
A8
5A
54
15
A5
5A
61
95
99
52
61
90
A8
25
99
50
81
41
99
A5
46
14
09
95
15
85
65
92
00
A0
4A
68
18
A6
96
42
18
66
10
49
6A
58
2A
10
01
41
62
41
0A
90
16
62
48
A2
A8
01
69
08
10
68
00
69
05
49
05
41
15
14
8A
64
54
18
66
90
88
80
45
49
90
A1
08
11
28
56
59
06
62
11
58
04
48
80
48
05
86
A0
46
6A
00
61
14
08
29
11
68
58
91
20
40
29
91
19
44
40
88
46
09
09
89
16
06
06
64
92
48
80
88
05
5A
49
A6
25
52
52
10
06
25
89
96
22
A6
09
56
28
55
21
A2
99
0A
12
65
16
05
98
A5
19
59
12
96
56
1A
50
96
66
9A
80
92
51
A4
12
A8
85
82
48
A5
09
26
54
92
04
56
5A
8A
A1
52
06
90
92
84
45
92
A5
55
82
9A
92
2A
90
64
58
9A
A4
5A
85
A2
20
58
8A
A0
44
45
24
11
5A
98
A9
86
A2
42
8A
14
0A
44
14
50
96
A2
A5
04
99
AA
46
66
A0
A9
55
09
04
94
92
A2
1A
9A
51
86
28
55
A5
A6
12
A8
A4
19
48
A9
A1
94
86
66
6A
66
08
6A
56
8A
A8
88
52
21
06
05
60
55
80
46
68
8A
94
45
88
48
22
5A
44
52
00
65
62
99
A6
29
66
16
28
9A
26
01
60
6A
18
A8
25
55
56
85
86
91
11
59
09
56
99
12
55
81
64
68
A8
A8
09
55
98
62
69
A4
A6
55
51
54
81
A2
65
48
59
86
95
82
A5
66
59
A1
A2
90
42
99
64
99
51
A6
66
66
62
A5
64
22
A6
52
99
06
AA
5A
19
16
68
88
45
A4
99
19
A2
9A
88
28
09
54
89
56
98
A4
A6
06
99
5A
AA
65
82
19
06
96
99
81
A1
16
48
61
A6
A6
22
94
25
9A
0A
A6
1A
91
99
51
51
10
81
88
2A
01
04
11
15
02
A1
46
00
51
A0
01
89
46
02
20
45
41
A6
58
81
82
10
01
81
2A
A5
8A
04
02
44
86
81
22
05
89
A2
24
04
24
10
12
19
42
0A
20
28
09
60
91
09
A2
28
06
22
80
86
40
28
AA
19
66
80
26
24
81
01
09
01
4A
15
01
59
91
01
A8
16
18
42
90
01
05
A1
91
01
09
64
AA
00
01
65
05
29
6A
45
01
29
0A
26
48
26
A0
94
99
05
A9
9A
90
82
56
A6
41
92
96
15
65
44
A5
A1
A5
94
54
89
26
1A
A2
9A
55
18
05
16
98
9A
61
61
16
A5
48
86
69
91
59
89
8A
10
55
16
44
2A
00
10
29
0A
94
22
44
A6
8A
A2
AA
46
A6
98
A9
94
A6
28
59
46
A6
45
A5
69
88
61
20
98
24
59
95
56
08
99
22
2A
98
1A
94
A1
46
85
62
22
95
6A
82
61
20
81
54
24
21
08
A9
16
52
96
19
AA
91
64
99
6A
86
61
65
41
20
2A
16
0A
86
61
92
6A
12
06
A0
40
69
5A
62
45
49
96
21
80
84
66
49
A0
52
A4
6A
65
96
09
A2
82
8A
2A
89
65
41
40
55
62
51
25
22
A9
0A
80
A5
20
60
14
19
10
6A
28
95
44
68
69
91
65
61
86
11
86
A6
68
9A
20
A9
86
89
54
08
6A
6A
16
94
21
95
60
95
99
60
21
2A
00
1A
92
09
58
55
A5
14
15
85
5A
51
96
60
59
94
65
52
A6
95
60
80
61
1A
0A
A5
49
A4
61
96
52
99
66
18
26
66
19
58
6A
16
6A
96
0A
85
24
06
26
42
54
A6
48
5A
A1
60
A1
9A
A9
96
25
5A
56
88
94
48
64
66
40
15
80
24
A9
51
15
55
02
92
25
92
84
52
29
45
9A
61
21
01
A0
40
A1
45
8A
A5
60
22
68
08
84
10
0A
92
98
A1
61
09
81
A2
40
86
00
28
00
11
21
95
44
01
10
29
94
14
15
04
01
AA
42
59
A8
06
49
A0
A2
05
60
19
80
56
51
11
56
20
44
00
AA
54
49
50
A6
20
46
41
90
61
A1
65
8A
A4
6A
80
28
89
12
00
06
10
56
21
24
00
14
80
10
04
14
86
51
59
59
54
12
95
A2
26
A8
82
22
65
AA
A9
A6
46
65
28
08
64
96
91
16
19
24
2A
A5
96
81
52
A1
56
60
86
82
14
28
A1
06
26
88
12
0A
42
98
61
99
A5
88
61
54
56
1A
19
A2
64
A6
80
00
64
22
69
59
01
29
91
8A
14
84
45
29
90
14
50
A9
66
89
5A
64
65
8A
20
6A
12
89
A2
42
09
98
66
45
A1
68
61
28
69
84
A5
01
26

