49
A2
59
AA
A2
A6
24
A4
26
A2
40
14
29
99
02
62
89
86
48
94
81
81
A1
4A
44
85
02
61
82
45
96
A5
55
10
1A
66
52
18
65
60
4A
94
56
61
41
42
A4
5A
A2
54
24
58
02
A0
92
24
54
A6
25
A0
22
59
86
A5
24
90
A6
69
58
A9
94
92
54
65
66
26
95
8A
68
10
04
95
69
A6
9A
A4
58
A0
4A
94
A4
49
A6
AA
A0
A5
AA
56
55
50
52
A5
08
A5
2A
91
24
92
02
A8
8A
22
49
98
A1
26
98
26
86
42
A5
09
94
1A
95
95
A6
09
95
A5
05
58
9A
50
A5
A6
A5
18
82
58
52
45
96
81
56
59
A8
21
51
A2
AA
8A
5A
55
14
1A
96
85
91
68
1A
45
4A
8A
98
88
80
8A
19
20
09
82
61
61
96
94
66
01
50
66
A1
24
5A
51
44
A5
A1
1A
89
4A
A5
62
88
56
12
56
45
61
A0
98
29
50
4A
20
80
21
A1
26
92
64
A0
0A
90
08
54
05
15
A4
50
58
06
6A
8A
12
A9
41
A1
1A
42
45
21
21
A0
40
08
52
21
04
92
21
02
69
51
82
A0
A4
A9
81
91
99
80
01
49
14
21
20
02
69
86
49
94
06
00
86
00
16
60
29
08
59
64
52
80
A2
04
A6
52
99
06
41
60
20
0A
44
A4
80
11
A0
52
25
5A
1A
2A
65
A1
9A
18
58
A0
59
69
9A
44
02
A1
A9
24
59
14
45
86
56
89
11
29
A6
01
5A
5A
49
59
62
58
2A
26
25
81
61
60
52
5A
09
A1
25
A9
41
58
A4
A5
10
22
64
68
15
50
68
65
49
2A
AA
89
18
11
29
42
2A
01
24
40
55
2A
96
51
5A
4A
14
22
AA
12
98
52
84
92
52
86
58
A0
12
5A
26
68
95
40
52
5A
08
00
A2
62
62
1A
51
A4
A4
91
61
02
51
A8
14
85
20
A8
69
96
42
A5
95
94
64
00
08
00
A5
44
89
99
A9
15
94
99
59
14
15
85
15
99
65
59
A5
46
89
62
29
86
89
A5
42
A2
05
59
18
55
41
48
81
26
05
48
69
48
89
80
59
80
99
A6
28
84
50
46
48
09
06
81
66
15
49
90
6A
81
62
95
52
26
A5
42
0A
6A
65
60
A0
91
99
94
60
15
28
89
A2
41
46
80
56
46
48
88
AA
45
82
00
18
8A
A4
55
1A
26
A8
50
94
1A
AA
26
AA
42
92
61
88
AA
80
68
A8
5A
15
51
62
08
22
A4
95
44
68
50
66
52
A6
2A
A9
A6
91
19
49
28
A0
28
66
96
48
14
5A
05
A8
00
65
1A
92
86
69
6A
15
10
41
95
05
66
50
92
00
55
68
45
A0
92
80
68
A5
28
98
80
00
18
44
82
04
50
90
05
01
21
04
4A
60
4A
56
40
92
20
14
1A
94
66
88
02
01
20
48
9A
9A
64
02
46
21
10
94
46
1A
06
84
05
2A
44
A5
21
50
84
09
90
28
26
44
0A
0A
05
82
21
61
A4
98
01
46
82
00
05
91
92
01
26
8A
18
85
52
50
01
16
42
09
46
22
94
4A
06
08
8A
94
85
62
00
52
64
81
A0
A5
A0
22
58
AA
5A
42
42
20
11
05
1A
66
6A
02
A5
86
4A
12
05
85
5A
14
54
06
5A
52
0A
4A
4A
16
15
62
92
45
98
19
69
AA
4A
50
90
41
25
58
66
AA
54
98
80
A2
62
91
18
50
95
AA
18
A8
A6
82
A0
44
19
16
21
02
10
59
A6
54
28
94
95
01
A1
41
88
19
16
66
11
64
95
62
16
98
81
89
A9
42
88
5A
59
65
25
89
06
1A
15
68
A8
92
6A
95
A9
91
A5
24
61
A4
29
56
50
28
68
08
56
A8
92
52
44
98
92
81
02
A2
64
A9
69
12
22
14
90
29
98
4A
04
86
01
48
10
92
05
65
16
29
16
01
68
21
98
4A
44
40
49
4A
0A
45
55
9A
95
64
19
A5
26
45
49
24
59
28
9A
44
1A
A9
A9
66
A5
88
21
29
11
19
45
89
4A
68
04
22
02
59
42
4A
62
28
56
06
5A
00
0A
49
56
A8
8A
29
92
A8
A8
29
25
00
00
AA
A6
19
8A
11
86
12
06
25
A9
86
85
16
A1
A9
18
26
40
AA
96
26
69
46
A6
46
56
A5
88
48
68
14
52
96
84
8A
96
A2
56
69
80
11
12
A1
8A
92
18
42
52
20
98
4A
14
69
A0
9A
94
29
05
65
09
25
AA
A0
24
85
20
A5
16
65
15
91
01
5A
09
46
58
41
A4
11
58
09
09
20
64
8A
04
40
66
46
46
20
85
60
14
80
12
00
95
54
99
90
21
18
21
1A
10
92
49
40
25
0A
00
A5
40
42
98
91
48
12
21
12
80
02
02
41
56
44
A0
85
20
22
06
94
09
92
62
60
40
90
24
56
8A
04
08
65
09
28
40
10
06
00
60
66
15
5A
4A
52
00
08
02
81
84
91
18
4A
42
A9
45
01
41
06
8A
92
28
8A
94
A0
5A
16
90
21
A6
A8
64
52
4A
8A
99
21
24
9A
55
1A
64
2A
14
41
42
A6
19
99
91
9A
52
80
52
48
11
A6
26
89
6A
A8
A8
24
A4
89
6A
18
04
49
45
88
5A
A5
96
89
18
96
92
02
14
51
56
61
66
40
68
88
62
45
82
8A
51
20
61
A4
60
95
64
14
89
10
26
25
41
99
66
80
81
46
82
55
46
59
8A
5A
28
88
66
91
AA
25
91
00
05
99
88
85
2A
08
85
81
42
02
A8
08
54
59
91
44
45
88
68
85
45
91
28
21
A8
06
94
26
A1
9A
22
2A
21
2A
12
28
60
49
A8
A5
12
66
95
A8
51
0A
81
99
59
A0
A4
24
59
91
26
A2
4A
91
41
82
A0
24
20
24
01
89
59
01
65
51
98
06
80
28
2A
95
54
54
89
94
AA
24
46
56
55
26
50
11
85
15
11
A2
AA
4A
A2
55
08
58
A6
98
45
65
91
A6
51
51
16
1A
09
05
9A
88
18
25
26
18
A6
98
59
A8
06
A5
82
56
85
A2
A6
A9
85
08
45
94
16
AA
4A
22
18
91
2A
0A
44
11
60
A9
16
A9
85
AA
A6
8A
01
86
29
6A
48
51
50
11
59
56
AA
9A
91
91
16
11
11
04
98
92
95
61
6A
A9
01
91
A2
A6
61
69
50
A9
04
88
55
44
51
A0
A6
68
50
58
21
44
19
48
81
64
00
45
16
A1
99
65
25
A4
80
11
8A
15
65
02
29
09
8A
28
A1
14
90
62
00
AA
68
22
40
48
49
61
A0
6A
14
89
48
50
A8
52
66
94
41
01
58
90
18
42
98
94
18
15
91
51
20
80
A1
01
50
02
A0
02
62
A8
60
01
22
0A
28
28
24
A6
AA
55
A8
54
A1
28
A8
40
28
92
90
A1
18
60
20
85
5A
95
58
11
94
8A
61
82
48
85
08
18
51
05
41
50
05
0A
88
59
00
99
05
91
16
26
69
64
A2
62
A1
46
8A
28
41
95
59
5A
09
A6
AA
92
94
59
95
69
2A
89
09
86
56
05
AA
20
40
48
14
6A
80
1A
0A
A2
61
5A
96
60
AA
05
08
2A
A0
8A
A6
68
26
28
4A
25
12
52
A2
55
18
18
2A
AA
18
12
29
95
24
98
55
A8
92
19
25
69
98
1A
99
4A
69
52
69
49
20
A0
56
41
51
00
08
84
42
5A
5A
A5
95
A8
50
A9
80
51
48
A0
06
56
A8
64
04
A6
46
66
24
26
24
55
A1
49
5A
54
88
44
5A
60
80
81
16
50
22
99
99
8A
19
A5
56
00
54
80
59
01
84
29
92
64
5A
52
59
00
15
A1
49
09
81
5A
94
5A
26
98
24
90
0A
19
9A
55
19
64
59
81
08
92
22
26
84
A2
04
A6
06
28
82
94
6A
56
48
96
96
6A
60
91
59
11
0A
05
A1
64
92
2A
69
2A
66
11
41
4A
84
24
95
A5
9A
2A
84
66
21
55
44
44
24
52
66
24
99
AA
26
62
26
98
61
A5
0A
51
15
21
19
12
52
62
5A
59
61
46
40
19
19
04
5A
08
42
25
62
54
45
21
64
A4
81
55
06
65
A9
50
A8
A8
42
66
98
82
99
21
22
91
46
46
25
5A
04
00
85
95
40
14
62
81
6A
44
2A
82
28
18
22
44
82
15
24
81
64
A8
20
08
09
90
49
06
28
6A
6A
6A
18
85
15
1A
94
A5
92
85
11
12
1A
84
81
09
02
0A
98
1A
95
45
05
9A
29
01
28
A4
69
15
08
51
20
20
61
21
00
A9
92
42
55
20
04
82
62
18
80
62
A2
04
94
9A
2A
4A
AA
95
8A
88
9A
01
24
A2
45
90
A5
2A
09
2A
66
AA
88
28
58
02
A9
A5
88
52
2A
48
15
86
94
1A
A0
55
8A
46
60
06
88
01
60
20
69
1A
91
91
06
5A
1A
48
19
91
A9
64
26
58
18
26
6A
41
40
24
A6
82
48
60
18
28
49
21
85
8A
99
95
46
40
82
82
19
59
66
99
51
21
16
92
48
28
41
59
65
02
41
A5
01
86
A2
A6
61
99
89
A1
26
02
51
46
02
0A
02
AA
64
69
00
81
95
56
22
9A
89
2A
A1
42
41
56
25
61
41
00
90
6A
62
A5
A9
5A
51
99
16
44
95
91
41
9A
14
29
05
26
98
56
44
A5
A6
11
22
50
91
2A
82
09
14
A2
A6
06
96
11
49
16
26
45
81
A2
51
89
64
61
95
84
66
A6
62
54
56
81
98
44
24
66
A9
A2
19
1A
46
A4
62
99
86
56
26
62
62
41
A0
94
69
64
50
A2
95
69
46
44
A6
82
52
82
85
50
68
55
58
96
5A
02
99
18
62
29
66
46
04
50
2A
A2
6A
99
51
51
22
56
AA
21
95
15
99
A4
16
2A
61
01
AA
82
14
06
94
96
50
A9
66
29
68
AA
6A
55
98
82
68
84
54
86
62
98
4A
68
A2
66
AA
91
06
85
40
42
99
0A
66
56
95
11
60
AA
55
A1
AA
A1
A5
05
42
61
61
58
A2
82
59
92
96
86
41
10
61
00
85
42
84
AA
20
86
80
06
91
02
04
46
00
48
09
59
10
10
A6
12
68
8A
19
99
4A
AA
22
4A
A8
46
66
09
40
02
05
82
21
46
02
60
86
22
85
25
40
40
80
22
A0
A2
08
01
26
51
54
41
11
54
80
49
A8
11
15
55
29
88
02
51
24
6A
00
11
60
00
49
12
88
80
A6
11
61
08
89
42
00
81
14
9A
4A
0A
A9
62
26
65
45
14
66
56
6A
A9
1A
85
68
22
9A
99
A9
16
69
58
26
59
25
12
AA
50
95
51
46
A2
A1
94
45
29
84
8A
6A
60
02
51
A5
61
16
91
1A
0A
11
15
49
A4
29
85
02
48
1A
01
45
12
09
99
85
64
09
08
96
60
8A
A8
84
49
6A
54
91
25
48
46
04
95
A8
51
91
46
95
AA
95
62
19
19

