66
65
64
89
92
51
62
04
49
2A
05
A0
96
42
A1
5A
2A
48
A2
9A
66
62
64
01
95
09
11
AA
A6
0A
61
92
96
A2
A1
16
AA
01
21
15
62
59
49
64
A9
54
18
86
95
81
AA
61
68
24
85
16
A6
69
A2
9A
40
25
A6
A6
A8
62
95
95
59
4A
55
28
09
45
05
A8
A4
61
59
52
19
91
A0
86
4A
8A
51
96
22
51
95
80
A5
41
55
15
9A
49
A6
66
29
59
68
41
02
41
41
21
4A
66
58
59
62
54
44
06
85
15
40
86
8A
98
85
59
6A
1A
00
09
A2
AA
21
48
16
56
69
21
94
21
65
05
A2
91
16
2A
46
A5
96
61
88
62
41
68
89
42
89
8A
25
98
4A
66
98
99
A4
59
26
A4
54
6A
66
11
19
11
9A
96
59
11
A4
58
28
5A
5A
46
56
56
6A
62
89
A9
AA
28
19
62
66
56
04
45
62
A2
81
62
01
01
62
1A
19
52
12
A0
81
65
0A
02
A9
AA
A0
88
60
96
5A
85
A1
A6
68
09
A1
9A
5A
62
68
86
A4
50
46
58
A2
85
A4
06
81
96
51
AA
85
29
25
69
06
08
A5
85
95
21
9A
45
44
54
50
4A
42
55
40
61
0A
91
8A
A6
94
56
21
51
64
96
2A
2A
12
95
A2
59
99
99
21
05
22
59
59
24
6A
00
01
89
11
55
52
96
81
99
0A
46
26
88
29
1A
AA
55
49
9A
51
82
04
58
46
11
A5
95
64
05
84
94
18
61
92
84
A2
24
22
95
A9
4A
28
81
81
20
A6
0A
50
46
A2
90
A9
55
69
94
22
51
52
4A
99
85
24
99
55
96
55
5A
10
9A
6A
A4
A6
9A
44
01
54
96
94
99
45
04
90
95
59
58
09
56
19
90
9A
AA
A8
25
68
55
19
51
62
66
19
82
05
89
4A
68
94
80
80
92
85
90
01
A5
99
16
A6
91
95
54
61
84
A1
42
24
18
66
49
95
40
68
50
65
1A
61
15
24
52
00
59
45
44
65
68
A5
96
86
92
51
99
51
49
16
99
A1
8A
A9
5A
42
92
A1
02
94
12
54
12
15
0A
20
A8
A4
9A
A4
98
64
A5
69
68
84
92
A2
65
92
82
95
5A
05
65
86
A2
A2
9A
9A
65
06
60
05
A9
62
45
45
A9
94
25
5A
80
45
5A
6A
54
59
82
98
66
59
14
1A
85
84
95
56
12
A0
51
59
26
A9
56
62
65
91
A4
08
11
61
95
68
96
A2
69
55
91
08
60
29
9A
42
64
55
0A
49
80
96
81
48
2A
A6
86
9A
A0
09
A5
99
92
45
0A
45
48
46
64
89
A9
55
49
88
19
26
99
A5
A5
28
8A
99
55
52
19
29
58
24
02
4A
A6
68
24
25
15
88
91
49
0A
51
59
65
06
06
91
56
86
A4
A5
69
8A
91
05
9A
40
54
50
49
51
A9
28
85
14
00
25
8A
5A
50
A9
A9
92
95
19
66
51
92
95
90
48
45
95
A8
58
58
05
29
46
85
48
46
60
69
0A
A9
A6
55
51
AA
16
06
95
94
25
AA
55
55
59
A6
94
58
2A
56
94
26
68
81
92
44
26
61
58
4A
24
2A
89
19
66
18
25
65
99
29
15
54
91
A0
66
22
91
69
94
AA
89
14
4A
A8
68
25
61
44
A0
52
12
61
05
90
46
29
68
1A
98
60
21
99
48
99
A6
50
64
49
18
4A
A2
89
56
81
A8
00
85
96
A9
44
49
96
52
61
8A
2A
06
61
8A
49
51
A5
66
66
49
86
60
54
49
25
41
46
2A
0A
90
61
94
00
A0
58
98
54
A9
8A
69
90
4A
9A
89
61
62
6A
52
14
19
64
19
04
69
4A
15
56
6A
A2
0A
45
A5
A1
19
60
29
85
69
A2
95
26
06
99
52
99
98
04
25
62
6A
A8
A9
98
A2
2A
66
A8
11
12
9A
A6
56
50
64
50
82
51
26
42
98
A1
26
64
68
A4
86
A9
56
A1
19
28
52
5A
49
29
08
56
2A
25
45
29
49
00
9A
65
AA
68
96
2A
66
8A
A4
46
85
44
11
92
59
04
48
85
89
54
55
66
06
19
48
89
A5
29
96
92
22
0A
6A
51
49
89
92
99
55
4A
84
51
A1
88
18
5A
02
A9
16
48
12
68
94
56
98
65
52
AA
AA
A1
A2
24
66
A9
69
90
95
49
65
52
48
6A
41
29
05
A2
56
98
90
19
05
98
66
44
98
52
A6
A6
A8
45
84
A8
25
82
A6
86
1A
81
0A
60
48
04
91
09
A1
8A
51
16
09
69
04
44
A4
98
AA
A9
12
52
01
A9
56
99
5A
85
66
06
A5
A9
2A
82
66
55
0A
5A
81
06
59
81
95
09
A5
22
14
56
68
40
41
62
62
25
61
00
6A
46
89
A1
49
A6
90
AA
A8
88
40
91
04
A8
A9
46
A6
46
1A
84
91
6A
82
15
A9
94
A4
58
96
9A
84
69
AA
45
58
6A
24
64
A5
92
5A
54
96
A6
15
46
9A
56
45
90
68
46
60
A1
51
45
A9
A5
81
A5
65
80
41
22
86
56
A0
68
A6
6A
99
59
01
6A
91
19
21
9A
A4
02
62
15
64
62
02
91
04
A1
14
55
A9
49
68
65
AA
41
A1
28
A6
A6
58
98
99
99
25
86
56
16
58
25
A2
06
92
04
99
A4
69
A6
89
52
A0
46
58
1A
86
18
15
62
85
55
55
A6
45
89
92
10
09
A9
A6
60
44
14
A1
52
51
A5
56
68
66
14
41
56
24
59
55
A6
8A
9A
51
11
96
56
95
09
99
54
86
A4
92
06
44
84
19
15
61
A1
86
65
2A
A1
85
41
29
64
A9
AA
6A
88
2A
A2
29
24
A6
06
10
54
54
96
A8
18
24
84
20
12
46
95
5A
85
86
61
59
91
A2
11
A1
01
00
98
26
A6
22
50
68
01
05
95
58
A8
68
A0
54
A8
16
26
12
88
A1
52
0A
2A
8A
46
26
98
5A
5A
90
6A
04
54
0A
1A
89
56
2A
28
96
29
A6
66
A2
52
05
69
22
A1
09
65
66
14
45
A4
68
19
65
69
8A
8A
60
14
48
92
68
45
A9
09
A8
56
99
A1
24
41
54
56
A8
A8
60
94
26
8A
8A
65
55
51
1A
46
15
9A
A1
59
91
89
A8
94
56
68
61
69
5A
14
82
A9
50
89
18
64
10
99
0A
59
66
66
49
96
62
6A
51
85
89
88
A9
85
69
8A
86
19
86
A4
A5
68
20
99
40
45
52
14
42
9A
69
24
05
24
84
58
AA
69
A4
88
82
56
90
92
08
A5
22
18
42
96
05
A1
66
69
9A
95
82
60
96
04
91
A2
1A
65
28
45
62
00
22
58
26
64
1A
11
A2
89
96
69
A1
14
94
5A
65
95
86
5A
12
64
68
65
84
10
10
14
00
12
A8
A5
80
09
64
82
99
15
49
50
59
66
85
89
41
90
95
46
6A
55
24
84
88
28
92
09
A5
64
06
94
52
A5
29
56
81
12
04
22
92
11
19
69
A5
96
46
62
68
65
84
99
69
15
26
68
56
A4
A0
A6
5A
51
46
91
A6
A0
1A
5A
81
18
64
A0
41
02
19
56
A2
62
A8
68
61
A5
40
99
60
09
61
A4
A6
89
66
95
16
18
09
49
95
A1
49
85
66
56
29
00
81
84
5A
41
64
42
54
A5
56
0A
18
49
1A
49
4A
19
99
82
95
68
49
16
A5
98
9A
A5
49
A4
68
89
60
02
95
52
85
4A
A6
99
99
29
45
4A
11
85
91
91
91
99
64
9A
59
68
92
41
29
29
55
42
10
09
55
91
44
62
22
12
56
2A
12
98
A5
49
60
06
66
6A
65
55
85
46
84
5A
A8
A8
54
92
85
51
69
04
99
21
52
55
11
AA
5A
A0
02
95
49
69
55
49
29
55
89
12
92
A4
85
16
02
46
A4
22
09
65
01
16
98
9A
05
5A
25
44
48
41
A9
86
99
46
66
92
26
9A
18
9A
61
9A
49
A9
95
00
0A
88
09
81
04
80
61
A2
96
66
80
40
A8
9A
11
09
60
A6
68
95
24
86
69
94
A6
0A
20
52
90
15
10
86
98
00
9A
25
94
52
A1
A2
04
62
55
82
A5
1A
01
85
A2
95
98
54
AA
1A
96
52
65
45
50
9A
A9
86
49
A6
95
A4
1A
61
21
51
00
26
61
62
24
04
89
91
05
66
69
1A
06
81
99
05
08
56
22
5A
19
01
A4
55
85
04
A6
59
98
89
58
A5
00
15
0A
29
54
16
46
64
21
A1
42
59
A6
A8
96
4A
49
64
69
94
89
09
50
6A
88
99
20
60
96
49
1A
14
05
A8
64
21
95
69
A2
84
1A
62
50
10
59
09
45
26
A9
51
55
12
96
4A
A5
41
50
52
19
98
40
48
42
69
60
88
98
58
19
05
59
A8
01
6A
82
82
94
AA
45
15
49
9A
50
4A
06
18
45
96
80
50
9A
02
5A
01
99
68
9A
22
14
50
12
56
A6
14
15
89
28
82
06
51
98
01
00
69
84
52
05
05
4A
A0
95
5A
48
04
56
49
44
5A
05
89
2A
8A
89
92
46
A9
05
04
5A
24
8A
50
4A
90
65
24
95
98
06
59
1A
98
28
59
68
A0
52
69
59
55
64
62
14
11
22
89
A5
89
25
89
A9
A5
21
84
46
62
A6
59
00
21
94
6A
1A
91
46
02
14
85
8A
80
A1
44
52
81
8A
65
14
68
A8
65
96
94
59
45
66
66
44
4A
A5
49
69
54
51
46
49
26
52
46
40
60
06
19
26
A6
A9
8A
A9
80
A6
61
01
46
88
AA
96
46
26
12
8A
A4
21
A5
94
40
98
82
1A
49
86
AA
04
15
52
04
4A
25
96
06
85
56
59
11
8A
A6
A8
56
61
84
19
10
21
16
08
95
55
51
59
8A
99
24
42
56
56
46
29
12
A8
05
52
16
29
84
88
88
49
58
08
40
99
14
A8
A8
10
19
91
28
68
41
25
26
09
A4
92
58
89
11
2A
99
8A
14
54
2A
A5
95
45
84
58
90
A4
4A
48
45
41
21
59
A4
A8
95
61
11
50
50
8A
51
90
4A
00
94
68
84
81
59
66
24
05
61
22
98
52
48
49
65
90
A5
99
86
44
12
41
91
4A
82
46
11
19
90
6A
60
65
41
A5
40
54
54
24
85
02
18
29
91
01
55
95
56
44
26
19
A5
60
69
A1
68
82
19
06
A8
84
16
52
06
89
96
54
85
60
44
AA
05
56
22
56
6A
22
59
1A
85
80
90
20
55
28
52
61
62
61
46
59
94
89
52
96
56
A1
99
2A
A2
59
98
65
26
A5
A1
28
25
65
A9
69
A9
5A
28
69
A0
91
92
AA
80
10
2A
51
96
81
20
A4
A5
65
45
91
61
A9
02
22
56
A4
A5
A2
15
2A
49
18
84
A8
91
52
80
26
40
41
29
2A
59
A5
16
46
41
A4
A6
90
68
44
14
55
A5
95
82
68
46
98
88
94
64
52
6A
68
12
51
A2
50
51
20
49
9A
99
21

