A8
24
58
16
A5
94
81
89
A1
12
01
68
04
46
16
4A
61
02
81
A9
06
8A
46
45
14
09
99
28
29
62
80
AA
65
A2
62
40
16
96
26
19
04
66
A4
49
54
2A
52
A9
86
48
82
49
02
58
91
46
60
92
64
A5
16
28
A2
24
45
0A
9A
00
A6
60
50
59
90
88
44
86
90
19
61
69
49
A6
59
A6
84
55
A5
02
A4
A9
59
29
22
20
18
25
29
54
04
A2
05
69
01
6A
4A
25
AA
A2
05
A0
8A
AA
68
A2
88
10
A6
28
A1
65
61
9A
50
14
A4
1A
15
62
81
84
A8
16
08
A8
21
56
49
96
22
9A
25
A5
06
51
65
28
A8
80
50
88
A2
99
1A
14
04
55
08
86
11
40
92
10
99
A1
A6
40
A5
8A
54
80
A5
29
01
21
A0
69
A5
9A
66
A8
44
5A
11
94
A5
45
96
85
99
51
59
A2
A4
54
54
08
18
29
40
00
02
10
40
98
01
A8
56
A4
91
09
20
06
56
20
42
59
00
A8
08
49
82
22
8A
28
84
26
86
45
85
40
14
54
51
29
2A
18
A4
40
60
04
42
48
51
42
22
A9
66
00
81
41
40
21
18
04
44
89
52
44
14
46
08
21
86
56
88
40
08
A9
A2
58
80
80
80
A6
08
02
00
50
00
11
61
02
50
19
41
41
58
21
42
40
6A
14
18
A0
86
08
20
90
81
66
A1
61
04
66
68
92
29
45
52
8A
05
5A
05
02
96
49
A8
60
92
45
85
16
89
11
9A
9A
54
40
68
AA
A9
16
62
28
68
A9
98
41
92
42
09
25
46
5A
59
98
4A
09
10
18
68
96
19
8A
A6
99
44
60
19
15
25
49
14
54
A4
AA
81
A6
28
AA
5A
59
51
A2
61
58
69
A2
AA
85
9A
59
02
12
99
28
02
08
98
81
A5
A5
59
08
65
10
81
58
1A
48
1A
A8
20
61
08
59
14
51
02
9A
4A
84
A6
46
46
26
99
46
64
66
59
82
02
44
99
49
69
05
8A
42
06
16
19
66
98
86
22
61
A4
4A
66
8A
99
25
60
42
90
09
81
42
99
60
96
96
9A
5A
00
A4
09
09
69
42
02
2A
84
66
16
6A
99
56
95
5A
02
48
04
89
52
AA
26
66
28
56
94
14
04
51
56
41
24
10
29
95
15
65
99
10
28
62
A8
00
44
10
62
06
55
96
A5
61
A6
5A
55
26
64
4A
58
69
86
56
A0
26
26
02
96
18
A6
55
62
62
A6
54
89
99
50
91
A4
81
16
58
00
2A
04
A8
59
91
06
9A
A8
64
92
28
66
A4
66
80
88
4A
A8
60
A5
52
56
29
2A
42
AA
62
61
64
95
6A
54
98
59
10
66
64
61
14
94
58
A8
24
92
50
A6
4A
42
02
10
29
01
19
8A
68
11
92
28
44
60
6A
09
10
20
51
28
91
16
06
14
61
98
82
48
A0
29
82
42
01
AA
4A
21
1A
46
05
44
84
20
01
25
41
85
04
14
90
5A
10
2A
40
A4
99
50
96
48
62
50
12
21
16
18
06
40
01
46
8A
89
26
90
44
49
42
01
9A
98
29
48
05
28
19
10
44
62
90
65
88
91
65
A4
99
0A
52
65
14
69
61
88
22
86
25
99
99
19
08
55
66
95
44
52
69
55
A9
21
9A
59
68
99
62
89
A0
91
5A
58
81
12
42
15
80
66
16
49
90
2A
22
1A
65
81
92
00
86
44
26
12
60
44
1A
12
98
89
A0
50
69
96
6A
91
60
24
51
99
A9
A9
61
18
59
26
A0
20
A4
64
98
95
A5
A6
16
56
95
9A
15
89
99
59
01
06
64
55
40
15
05
91
50
AA
69
2A
26
90
86
A8
02
14
9A
28
14
68
61
A6
99
42
56
25
A6
95
45
9A
02
A0
A5
58
59
0A
94
61
06
4A
96
49
A9
A5
19
41
26
91
68
22
66
48
48
A2
81
11
AA
88
80
A8
41
99
A2
A5
9A
88
86
09
99
98
0A
25
01
A2
15
24
25
26
A6
4A
98
88
8A
4A
06
65
21
25
16
A8
25
A4
82
90
62
80
21
AA
48
56
16
05
09
84
25
24
06
50
56
88
A0
65
98
62
99
52
84
A9
68
19
12
A6
2A
46
A1
9A
05
54
96
55
61
96
41
85
8A
54
51
01
46
64
A4
A6
A5
58
48
AA
15
95
15
64
66
69
06
40
04
60
52
91
08
99
9A
49
08
96
65
A8
44
18
19
16
61
65
1A
A1
6A
08
64
A2
80
9A
90
41
26
2A
A0
A4
5A
18
59
50
28
A4
21
88
90
A1
40
5A
80
09
10
28
10
82
21
40
86
02
99
42
50
10
42
56
09
11
00
19
10
90
54
45
51
54
25
80
16
06
06
00
54
25
54
08
21
12
82
A1
1A
A4
48
10
59
50
50
56
56
45
80
A8
58
10
52
04
88
A8
A4
21
25
04
A9
20
04
81
04
21
80
18
00
02
04
80
A0
85
24
19
16
50
00
20
A6
21
49
04
44
85
48
85
55
94
59
55
24
91
65
90
A1
09
1A
90
8A
61
0A
59
91
5A
2A
42
AA
66
11
59
56
99
86
92
98
60
2A
81
A0
58
99
1A
65
06
88
5A
65
A5
48
52
52
81
05
42
86
12
18
A9
90
A6
09
19
94
52
11
26
56
24
58
88
81
A5
19
22
AA
8A
15
56
16
20
16
A5
14
A9
45
A4
92
16
52
28
51
91
02
59
61
55
A4
96
18
A9
41
25
12
55
21
59
44
55
65
68
62
20
55
50
51
84
54
51
59
A5
80
28
89
68
A9
24
66
89
A6
06
85
28
20
28
A1
2A
56
65
66
AA
60
A9
A8
92
A0
99
9A
80
46
05
25
64
94
5A
25
91
15
20
69
89
06
A4
AA
55
55
51
A0
A9
82
15
40
26
22
A4
15
15
46
25
55
16
94
AA
2A
56
4A
88
55
85
86
42
05
86
60
58
41
09
66
41
6A
41
90
08
96
66
11
68
88
0A
9A
A9
1A
56
65
06
86
82
4A
A8
62
85
25
A5
A4
56
0A
9A
96
25
51
81
85
55
45
50
58
96
A5
A8
99
88
96
AA
04
15
16
A8
09
A6
91
00
09
A5
94
60
96
8A
22
40
10
60
09
40
41
49
84
A2
25
A2
92
44
1A
66
50
8A
A1
12
A9
0A
60
62
56
51
81
1A
4A
9A
16
56
A4
24
A4
14
28
68
8A
1A
91
12
65
10
16
08
28
69
00
20
60
61
86
28
10
00
90
26
86
08
22
02
40
44
10
00
05
A1
01
61
20
05
85
06
84
96
80
82
50
00
96
09
29
12
55
24
01
95
21
61
05
11
04
21
08
82
25
90
01
28
40
21
08
16
96
5A
52
00
96
1A
90
10
88
00
48
86
56
25
16
00
16
26
18
92
A1
60
A5
4A
58
96
84
60
84
96
16
58
91
04
11
61
15
5A
6A
9A
26
09
66
80
14
95
01
84
28
11
1A
A9
62
A4
5A
46
22
41
46
26
15
80
69
59
16
68
2A
69
58
A8
52
45
52
50
96
00
06
A8
A6
68
80
00
94
66
05
59
4A
1A
11
90
02
49
02
82
86
56
20
A5
61
64
08
6A
65
01
96
A6
59
52
A8
14
20
AA
11
80
44
94
2A
49
66
A5
A6
2A
6A
14
5A
24
06
10
10
12
51
19
12
49
90
92
A5
0A
24
24
50
9A
0A
82
A1
55
98
A6
10
44
AA
9A
A6
44
90
9A
41
88
9A
46
22
04
41
9A
99
01
08
55
88
A6
15
12
24
50
A2
29
69
20
54
A0
5A
65
29
40
01
41
49
24
99
50
A4
89
88
10
A9
65
25
11
99
56
06
10
81
6A
16
02
91
01
89
21
20
96
41
AA
49
91
98
55
5A
68
85
96
94
44
56
46
40
9A
66
51
46
A8
15
25
44
A0
A0
1A
42
AA
56
21
15
14
16
88
66
59
22
55
24
2A
29
04
20
20
A8
66
85
16
60
24
42
14
44
99
AA
84
16
5A
80
85
28
02
A8
AA
A8
A2
A5
98
65
45
51
58
04
04
2A
61
58
66
62
28
99
09
54
59
95
82
A4
89
25
65
11
05
A4
84
49
45
99
58
25
54
58
48
15
60
81
88
84
11
50
AA
84
58
40
09
A4
01
58
9A
45
10
21
20
82
94
81
00
46
02
46
68
01
19
61
22
6A
14
51
19
58
4A
59
51
46
68
8A
08
69
94
61
01
92
8A
92
96
68
80
01
14
88
02
A2
44
98
96
81
44
49
88
11
11
04
64
08
A2
08
06
A0
80
26
88
50
44
29
00
45
11
21
A1
60
29
08
61
92
01
02
01
00
45
40
91
19
96
A6
86
52
A0
06
89
40
60
A9
51
A5
90
A6
11
A4
2A
80
A6
64
A2
95
86
26
99
55
61
14
64
69
19
A4
26
09
66
90
9A
52
A6
A0
05
92
06
A2
61
64
24
A8
51
44
14
5A
89
94
00
5A
92
12
68
2A
A5
69
6A
A6
11
90
1A
0A
99
A9
86
16
89
8A
6A
98
9A
A6
A2
95
59
A1
42
A0
15
4A
A5
99
2A
0A
10
69
21
24
82
04
45
A8
48
A2
90
22
AA
98
68
62
1A
2A
08
42
66
A1
90
65
A4
12
86
95
50
56
48
25
06
20
11
64
01
68
A8
52
1A
02
95
98
82
16
81
19
84
6A
80
02
26
68
02
55
14
A5
14
91
51
99
AA
11
50
28
96
AA
A6
01
08
14
80
05
49
28
6A
A1
2A
98
88
24
09
A1
24
12
69
56
56
51
86
45
26
5A
0A
04
12
48
62
21
61
28
42
5A
51
90
59
69
62
98
16
24
AA
56
28
09
69
64
68
88
59
19
96
52
96
55
59
60
05
09
41
AA
22
92
58
85
41
0A
95
48
94
69
80
A4
96
90
60
A9
49
2A
96
96
50
19
22
59
41
08
A4
26
8A
A4
45
68
4A
45
55
14
99
A2
5A
29
A6
AA
05
AA
15
62
86
62
16
99
2A
92
54
68
58
96
85
61
99
09
05
80
11
AA
A5
1A
00
48
0A
90
59
44
80
08
52
99
14
88
28
86
40
A0
80
21
21
14
40
68
60
09
10
14
11
98
1A
09
00
96
41
04
8A
0A
02
98
55
42
20
90
4A
91
50
22
5A
90
18
00
A5
85
02
88
40
52
50
00
68
A8
80
90
10
1A
26
2A
04
06
A1
50
A9
40
48
88
09
60
68
12
05
50
11
1A
2A
28
18
9A
98
28
AA
2A
12
95
40
01
68
86
80
11
69
25
48
44
99
40
A1
A0
95
A8
95
51
02
A6
90
89
55
91
82
18
01
15
94
94
22
21
95
98
9A
6A
28
28
A0
18
15
29
56
68
92
A1
45
02
29
80
6A
08
26
64
56
25
25
60
48
45
51
55
14
60
22
A2
68
8A
84
26
95
A4
1A
AA
91
86
14
46
5A
55
96
60
60
AA
A4
12
19
A0
A6
5A
5A
05
A1
21
56
66
6A
61

