A1
02
11
6A
A2
A0
89
A5
80
01
06
42
08
95
22
A5
0A
A9
29
85
95
52
61
29
01
89
94
44
2A
24
94
81
49
56
62
69
90
5A
61
91
52
60
52
A4
48
A9
A5
64
26
55
11
46
26
91
05
66
96
08
45
01
5A
59
A5
08
95
11
A1
16
62
9A
A8
A1
5A
01
99
A8
A1
44
50
58
50
A9
A5
5A
5A
84
18
A8
48
A5
A6
08
A0
96
A5
61
1A
56
5A
00
41
A4
61
86
48
A0
9A
2A
55
02
89
0A
9A
46
60
A9
40
A4
84
51
61
AA
5A
5A
A6
82
64
2A
88
A1
88
58
5A
24
A5
20
A0
16
A8
82
40
54
A9
A9
52
54
21
81
85
A8
89
89
28
10
55
16
66
54
01
25
55
A2
A1
4A
A6
51
6A
AA
91
A5
29
A1
45
69
49
20
22
A4
46
88
84
A9
55
18
15
61
86
41
10
5A
91
66
40
58
41
02
11
81
22
8A
91
58
41
18
69
98
52
42
82
50
21
51
42
21
86
49
40
01
A8
69
AA
08
92
04
A1
08
A2
6A
16
16
86
04
05
88
8A
81
A5
1A
6A
86
40
20
48
06
66
58
85
01
91
01
48
21
88
50
05
09
02
24
02
62
06
58
42
01
18
55
2A
A1
00
81
10
42
A2
46
9A
A6
46
26
06
04
60
26
12
96
61
49
81
21
44
88
95
A2
00
91
0A
05
4A
08
82
65
58
A4
54
84
69
1A
A5
0A
59
A5
26
41
A5
98
60
A8
A1
AA
61
A5
00
90
55
44
95
95
A6
98
94
29
25
98
29
A0
6A
56
49
6A
A0
40
A0
AA
42
01
45
19
21
66
52
A8
69
09
41
41
54
24
06
94
91
21
8A
A1
56
64
54
6A
9A
A5
44
68
52
85
5A
50
65
5A
52
05
49
15
58
22
85
54
AA
51
8A
91
49
59
51
0A
06
90
80
69
51
25
28
88
02
2A
51
58
85
99
99
18
1A
84
49
59
88
19
46
61
56
06
88
26
20
26
50
16
20
29
AA
01
A6
21
80
22
95
62
92
49
22
64
A5
11
A2
59
19
AA
48
82
85
11
80
58
28
51
A8
14
51
22
99
49
19
14
A5
44
51
62
A6
99
55
21
51
19
A2
95
44
99
51
66
19
29
59
64
11
60
AA
22
22
54
82
52
65
4A
91
90
20
A9
92
65
61
24
05
90
AA
15
4A
50
50
14
85
05
85
8A
21
45
4A
00
8A
AA
26
0A
90
55
58
4A
92
A2
A6
22
15
65
66
22
99
99
29
A9
99
15
A5
2A
26
0A
09
16
99
99
2A
9A
15
A5
80
58
A2
60
56
14
A2
59
80
82
45
45
15
90
2A
A6
89
55
46
66
19
11
55
65
54
26
11
64
60
06
88
02
98
89
A0
A2
09
22
02
56
90
A1
42
18
A2
06
15
28
24
84
6A
A6
98
05
A2
48
A0
55
52
A2
99
61
91
22
02
6A
89
08
00
85
94
22
28
86
A4
09
AA
81
22
01
45
55
41
A4
84
98
9A
99
26
40
25
98
04
5A
4A
2A
51
A2
24
00
56
A2
50
04
26
88
49
26
84
42
08
98
22
80
1A
AA
90
64
42
19
5A
46
61
06
68
15
14
18
29
44
41
2A
60
8A
94
09
94
90
69
88
59
22
66
02
28
50
51
A5
99
91
10
84
A1
0A
54
4A
42
60
66
A6
29
51
98
25
06
49
A2
48
15
01
94
96
42
44
49
00
55
11
92
A0
94
50
41
A5
94
19
66
A5
64
15
42
0A
56
14
61
86
9A
59
9A
68
96
59
09
85
A6
96
66
59
26
86
05
22
89
42
06
81
A2
95
59
66
9A
42
A0
11
12
52
96
42
5A
02
90
40
52
05
69
08
28
52
10
1A
20
62
56
A0
60
19
2A
69
58
2A
52
96
55
A2
A1
A0
A4
A5
21
A1
A8
52
29
12
04
65
6A
A5
5A
A9
52
20
46
01
5A
14
95
5A
12
68
A2
80
01
5A
01
29
19
02
A5
A4
44
18
86
18
49
0A
41
49
51
A5
01
52
52
50
6A
5A
85
54
A9
56
51
A8
54
66
51
50
50
28
12
A5
A2
58
25
55
25
59
2A
44
A2
A4
56
12
AA
A5
02
99
86
92
10
A1
AA
59
90
01
AA
50
86
61
52
69
55
A4
68
A1
56
59
19
55
51
A1
A5
26
11
22
89
60
5A
58
64
96
9A
96
25
92
A1
21
01
62
65
16
88
45
89
26
5A
42
69
50
24
58
09
A8
96
49
51
50
99
22
A8
A9
50
98
A2
A8
98
12
12
86
62
21
52
29
89
A0
04
26
90
18
22
65
58
85
00
52
0A
18
04
25
99
10
4A
99
10
58
84
A2
16
A1
88
21
A9
40
11
44
49
29
54
A0
A5
80
92
84
94
55
60
86
50
A4
10
40
A9
96
0A
44
58
51
50
58
14
56
06
64
80
84
99
10
44
98
A4
20
01
25
24
09
2A
01
28
28
24
08
04
86
0A
A4
A0
10
A1
A6
A1
16
29
22
A5
24
04
60
96
26
A9
46
21
09
25
65
48
86
6A
A8
19
65
40
25
40
25
AA
15
16
A5
A4
94
4A
A0
6A
59
A5
01
65
62
69
29
69
A5
A9
2A
59
54
58
4A
84
21
85
52
46
55
90
81
95
49
11
21
82
00
10
A0
68
A6
A1
A1
22
A1
95
4A
59
A1
89
9A
AA
A9
15
08
96
90
00
55
18
84
46
29
26
69
89
5A
A4
20
A8
A1
46
A5
A2
50
2A
54
62
65
A0
94
0A
15
84
94
92
92
24
90
20
50
09
52
89
80
68
21
A1
96
60
99
91
28
60
84
01
A8
A8
05
69
A9
69
68
06
22
21
58
6A
A5
42
80
6A
28
1A
15
88
80
95
42
80
52
61
40
65
81
29
50
05
69
64
48
96
94
16
54
25
02
56
59
99
90
16
16
96
42
59
61
A6
56
46
85
99
94
69
81
4A
15
45
25
85
4A
90
11
84
A5
85
46
68
29
68
A1
6A
90
1A
42
01
0A
2A
58
12
44
56
5A
14
26
52
A9
88
A0
4A
85
96
88
14
26
A9
A8
A2
85
59
5A
59
5A
40
18
99
64
19
50
A2
15
A2
14
56
6A
84
80
69
15
98
95
64
68
62
62
82
82
25
95
A6
65
50
45
05
15
6A
56
A5
5A
65
85
00
2A
A5
64
A2
98
1A
28
99
96
40
02
90
52
98
52
12
65
81
20
04
4A
00
48
9A
94
62
51
91
40
48
2A
61
81
14
48
00
94
11
40
24
98
25
92
86
60
A4
41
42
21
A1
80
11
80
25
60
41
06
85
A0
95
8A
00
18
1A
14
90
48
1A
20
22
00
91
84
91
91
90
25
10
12
10
10
88
94
2A
60
25
5A
96
52
68
4A
68
20
42
95
4A
20
91
4A
A4
16
21
81
41
64
62
02
82
91
10
25
10
0A
91
90
64
88
0A
64
5A
91
8A
49
68
20
26
44
64
12
99
15
10
08
05
62
20
56
90
69
24
94
96
22
25
A6
89
28
19
12
64
69
A6
54
89
60
41
80
45
85
95
06
51
60
22
4A
95
2A
8A
62
02
68
61
8A
44
06
29
49
1A
86
18
88
46
05
62
68
58
88
5A
89
88
58
1A
AA
81
2A
65
65
0A
15
69
4A
46
6A
9A
25
66
A9
A5
A5
48
49
40
88
10
A1
8A
60
22
66
69
41
55
25
46
54
61
12
61
65
4A
AA
50
02
68
82
1A
64
95
6A
18
56
16
25
10
18
A8
8A
90
A6
69
85
82
26
98
60
A5
88
66
91
40
92
65
88
A5
40
8A
51
90
56
50
89
98
A5
A4
A5
26
04
59
05
98
80
64
40
82
58
62
A6
65
A2
AA
15
98
06
68
14
99
64
99
6A
94
56
6A
05
51
01
44
16
69
94
02
96
14
58
86
25
95
62
15
66
88
49
A0
54
98
19
95
56
AA
56
69
91
49
A8
2A
46
51
A0
68
A2
42
68
46
9A
A1
59
56
15
64
28
A6
91
94
A2
22
68
96
92
60
80
99
15
06
94
10
A2
29
99
95
49
95
89
16
12
95
4A
26
9A
4A
66
66
10
40
84
59
89
55
56
A5
95
85
99
44
A1
88
99
44
65
64
81
A1
98
62
94
68
89
98
A1
42
46
A0
A0
42
2A
20
14
08
42
52
94
80
9A
16
1A
41
20
02
61
60
15
69
81
18
41
44
00
56
09
44
00
90
80
66
45
22
68
22
29
46
28
22
50
96
16
98
48
42
81
16
69
66
68
A0
02
02
89
66
48
09
10
19
A0
85
AA
09
88
80
04
81
02
8A
50
24
29
41
11
91
64
21
61
81
80
89
94
91
14
A6
88
62
18
0A
8A
45
50
95
41
24
59
00
11
15
44
62
44
41
1A
06
66
20
98
15
5A
44
9A
A4
00
0A
56
69
AA
99
46
A0
8A
90
9A
0A
26
64
9A
86
56
89
66
08
52
44
14
11
29
42
A0
12
46
A8
5A
82
20
94
02
99
25
A8
2A
90
56
49
A5
59
45
0A
82
69
59
4A
19
A8
80
46
48
A1
A4
88
55
9A
51
81
98
16
99
98
52
61
40
64
91
42
1A
45
91
9A
98
92
14
91
A5
68
12
86
65
81
58
20
A1
92
A9
22
50
98
64
26
14
50
96
44
84
40
84
04
48
2A
62
06
66
94
4A
49
46
55
61
54
AA
A9
0A
92
51
21
22
09
98
01
A0
20
02
98
46
29
A1
59
99
64
A9
90
12
42
04
00
49
9A
A4
94
44
A0
00
99
51
52
26
94
95
45
91
65
96
68
A6
A6
48
96
A0
98
9A
85
0A
62
66
02
9A
50
19
5A
81
46
96
88
58
A4
A8
1A
64
22
02
29
21
95
50
A2
65
9A
45
65
25
5A
19
96
80
06
62
12
9A
9A
A5
1A
69
84
A4
12
59
A5
09
05
48
8A
A2
56
00
66
81
42
62
66
56
98
5A
15
9A
66
A5
64
18
A6
96
06
81
25
92
A5
8A
29
4A
95
45
92
A5
62
4A
12
65
6A
16
25
A2
9A
29
60
58
19
5A
44
00
08
64
8A
98
58
29
18
88
06
99
96
08
8A
82
46
80
9A
2A
20
05
64
08
02
40
54
05
5A
88
85
58
16
55
88
00
0A
0A
A4
94
15
09
48
40
84
18
15
40
62
80
88
08
A8
04
00
91
45
05
44
8A
28
A1
00
90
11
02
26
2A
44
82
A9
56
0A
44
5A
9A
00
48
68
12
80
09
4A
84
61
08
08
9A
89
A9
A4
8A
94
00
15
01
12
80
20
90
09
52
99
62
28
02
24
A6
50
95
18
55
A0
95
46
86
52
90
21
69
A5
25
18
AA
2A
18
00
6A
69
6A
88
6A
80
95
95
81
48
01
66
25
86
54
A6
61
65
01
64
62
99
16
14
65
56
A8
98
6A
9A
A4
44
40
81
69
4A
62
A8
9A
14
88
6A
98
A8
61
66
4A
94
09
51
80
04
A8
64
4A
48
60
99
12
58
90
69
54
22
65

