A1
66
28
50
68
20
A5
A4
92
02
68
91
28
1A
82
5A
AA
52
A8
80
AA
98
80
91
19
85
02
00
82
25
04
50
14
5A
A5
A2
88
5A
29
4A
85
A5
15
41
96
A4
59
A1
02
59
A6
40
08
06
65
26
45
28
A8
A8
86
52
84
82
15
00
45
24
19
65
84
12
49
81
A6
25
92
06
A1
96
A4
8A
11
0A
A9
11
52
52
89
5A
AA
65
01
6A
45
62
69
95
08
89
95
51
82
90
10
2A
96
51
16
56
80
69
91
41
A4
66
5A
96
8A
19
68
19
05
A4
A4
26
55
04
86
04
8A
86
89
45
2A
95
9A
98
12
22
58
24
95
2A
18
24
92
24
15
94
26
91
04
46
09
61
45
1A
66
90
11
A5
69
25
42
20
68
66
16
A4
6A
26
55
45
54
41
94
A0
A8
99
8A
41
16
19
2A
85
82
A9
A2
54
62
84
25
50
98
80
00
88
44
98
89
A0
86
A4
19
96
A9
49
52
08
06
A1
18
64
65
86
48
A4
12
61
A5
56
99
14
25
21
48
65
A1
94
95
A8
64
1A
26
06
10
41
92
25
85
50
85
56
12
4A
66
16
28
44
10
21
42
A8
0A
12
08
92
40
65
95
21
21
64
59
24
65
94
10
99
25
10
89
A5
21
41
85
86
29
8A
20
04
28
64
62
46
49
A9
65
42
09
56
16
65
82
21
69
50
05
40
45
41
10
62
1A
56
60
61
80
11
42
20
12
69
A1
6A
12
52
21
01
42
04
45
96
06
85
06
99
22
A4
68
44
88
09
55
41
41
82
51
A2
28
46
82
46
90
46
81
19
98
02
09
55
18
16
41
41
08
A1
45
91
55
1A
A5
25
11
55
96
48
0A
66
55
95
22
A2
09
94
89
88
86
69
22
1A
98
0A
64
21
24
8A
A1
61
85
45
69
55
89
AA
42
24
56
80
25
61
54
A1
81
65
96
86
86
95
65
12
29
A5
98
68
2A
58
95
A5
9A
02
65
45
96
66
04
51
65
A6
95
A0
66
82
42
99
AA
95
84
42
05
18
26
20
AA
1A
A4
5A
69
09
A1
14
1A
02
0A
54
6A
A8
24
65
54
A5
99
51
11
28
85
1A
06
24
14
44
90
9A
89
49
8A
9A
20
80
69
82
21
84
24
48
65
A1
16
15
99
29
82
18
14
08
99
9A
A9
28
95
68
62
14
41
10
11
62
6A
2A
95
58
68
42
26
56
25
91
09
A5
6A
52
58
96
09
91
9A
42
40
9A
08
A1
92
16
AA
46
94
2A
60
91
40
1A
A9
A1
A8
41
22
A6
5A
A9
25
95
29
65
55
00
59
62
28
9A
22
A4
15
50
51
19
A9
9A
4A
56
56
AA
41
6A
15
51

