90
54
50
55
58
49
59
06
84
A6
95
86
16
A8
A2
4A
94
05
68
62
A0
99
50
14
55
A0
06
6A
48
94
02
05
94
59
45
90
45
84
89
68
26
89
05
08
91
5A
52
49
81
69
08
22
69
15
25
2A
58
8A
09
A9
2A
12
59
56
60
A6
20
25
46
91
25
94
01
81
A9
12
41
16
66
A2
56
1A
68
69
09
11
09
41
92
00
21
05
56
10
46
49
00
26
28
1A
48
12
95
65
4A
58
50
62
86
56
95
8A
98
11
9A
66
06
64
55
08
A9
05
09
55
54
62
28
5A
0A
66
64
65
46
46
A4
56
20
80
6A
26
62
44
4A
85
1A
4A
11
AA
66
26
42
46
49
A1
94
25
82
65
44
60
46
A8
94
15
86
94
12
55
90
94
19
62
08
A6
AA
A6
AA
96
25
25
09
9A
64
88
0A
A6
49
52
AA
A6
A9
95
41
4A
54
48
16
54
65
52
86
59
51
45
94
46
94
A4
45
45
A8
9A
68
21
A8
22
96
8A
95
A6
60
88
2A
A6
2A
86
A8
A6
44
91
91
08
05
64
18
95
A6
12
52
A0
59
86
41
58
05
98
2A
0A
1A
19
60
AA
20
58
86
15
54
96
45
01
85
66
49
18
12
A9
61
22
26
22
25
8A
65
65
69
A6
A5
66
2A
66
18
51
16
61
4A
96
24
A6
24
09
00
09
50
08
21
00
26
14
24
A8
28
18
26
28
28
24
20
28
14
A8
16
14
14
28
02
14
04
55
24
18
24
24
00
08
14
10
A5
99
28
06
28
28
24
24
A5
18
10
2A
26
A8
1A
22
18
04
28
20
68
00
09
19
28
26
04
00
29
08
A8
09
84
02
08
4A
18
08
66
00
A4
24
24
10
09
28
62
99
24
14
08
28
A4
02
02
80
A0
68
8A
52
99
11
56
A1
29
A2
64
21
8A
15
95
0A
0A
66
A8
86
62
90
A9
1A
96
25
85
25
21
18
84
06
A9
A9
42
99
A2
46
61
44
62
A4
52
54
58
59
66
A9
61
AA
51
16
46
54
60
95
A5
94
44
85
85
69
99
A8
56
9A
A5
88
54
64
21
99
A5
0A
48
88
05
50
85
90
40
15
88
81
A5
A1
6A
26
68
64
95
90
94
A0
89
A8
55
54
62
45
02
A5
24
55
25
64
28
09
A5
91
94
56
96
48
96
14
58
6A
A4
99
A5
29
56
91
95
41
25
6A
9A
A8
49
14
96
10
28
69
58
25
15
44
5A
42
15
5A
68
56
62
90
0A
60
26
48
26
59
68
A5
21
02
A4
A2
1A
59
86
A1
98
66
45
68
89
49
61
A4
AA
49
56
69
25
11
A8
56
69
16
00
40
A9
69
98
86
88
89
68
4A
92
05

