00000078A0
0000007520
0000008140
0000007120
0000007320
00000081E0
0000007630
00000082C0
0000007F40
0000007100
0000007850
0000008760
00000077E0
00000078A0
00000083A0
00000084E0
0000008500
00000080E0
0000008880
0000007560
00000084E0
00000080E0
0000007A70
00000077D0
0000008440
00000078C0
00000081E0
0000007880
00000078E0
0000008220
0000006D70
00000079A0
0000007560
0000007A20
00000071C0
0000008080
0000007D50
0000008040
0000008180
0000006610
0000008380
0000008020
0000007B60
0000008020
0000008380
00000080E0
0000007430
0000007EF0
0000007540
00000081A0
00000078A0
00000083E0
0000007E30
00000084E0
00000082E0
0000007AA0
0000008140
0000008180
0000007600
0000008180
00000066B0
0000008E60
0000007E30
0000005FC0
0000007E80
0000007670
0000008200
00000073E0
0000007A40
0000008600
0000007920
0000007900
0000006C90
00000083C0
0000007950
0000008120
0000006F20
0000007760
0000007970
0000006E30
0000007900
0000008920
00000086C0
0000008360
00000082A0
0000008120
00000075F0
0000007020
0000007660
0000008020
0000007690
00000077C0
0000008540
0000008300
0000007BF0
00000068C0

