9A
A8
AA
64
4A
05
56
51
A6
29
41
99
15
A9
56
A5
44
06
20
10
1A
91
41
24
6A
44
45
5A
66
95
A5
29
54
60
61
16
6A
69
92
99
54
A6
21
46
84
49
61
1A
8A
95
54
40
19
95
A1
08
86
98
95
2A
AA
69
8A
55
28
29
A5
AA
26
06
48
28
95
4A
12
99
64
2A
A9
5A
2A
99
66
16
19
65
25
A2
11
84
65
15
5A
25
08
44
86
25
44
10
85
98
01
1A
26
85
54
AA
A8
66
62
69
16
16
82
86
40
55
48
98
56
5A
04
A2
6A
A1
40
56
A4
58
90
98
99
61
55
4A
54
54
62
24
65
56
65
62
0A
65
59
60
A5
45
11
14
AA
8A
65
49
64
89
90
9A
A4
90
9A
68
A1
48
66
50
19
A5
A5
85
00
A6
88
15
55
46
21
54
25
85
54
81
98
99
09
12
98
90
59
29
46
61
11
06
26
41
99
19
A9
54
9A
52
A8
05
95
6A
55
56
92
A8
2A
19
A9
04
A6
1A
15
61
08
1A
62
0A
59
16
28
69
9A
98
9A
22
81
56
89
A4
85
A9
98
06
10
8A
52
6A
29
92
85
86
52
4A
9A
81
46
49
A9
A8
96
58
50
A1
95
2A
28
A2
9A
90
91
42
85
96
19
2A
52
5A
84
92
51
51
12
0A
80
20
5A
6A
9A
A9
95
26
52
68
90
59
48
AA
64
68
06
A8
51
24
60
99
45
4A
5A
6A
64
95
62
69
04
59
11
68
A9
A0
46
19
90
A4
9A
88
A2
96
62
45
98
A8
A2
15
62
69
85
9A
40
15
08
86
0A
A9
5A
A9
A5
90
89
28
15
61
8A
92
50
90
55
A2
19
65
94
96
AA
88
62
A6
A9
4A
81
52
98
18
20
AA
29
8A
12
52
29
80
AA
62
84
04
96
54
54
2A
24
86
A1
14
68
2A
04
29
64
69
AA
45
02
84
A5
68
56
A2
86
16
9A
4A
8A
06
91
86
14
AA
88
21
85
4A
25
96
86
66
06
55
62
64
94
06
04
92
A8
A8
4A
24
48
14
21
A4
94
66
26
15
A0
61
9A
11
40
19
99
19
2A
5A
16
99
29
1A
19
59
61
20
18
26
19
29
44
19
60
6A
88
52
62
46
A9
95
62
16
A4
96
90
11
55
58
55
91
18
28
62
19
49
8A
11
42
06
A6
26
24
59
A5
01
4A
99
91
A5
1A
11
59
09
85
15
25
50
09
40
86
86
00
92
50
22
68
96
56
4A
62
40
95
11
41
89
10
49
26
19
55
64
95
41
84
65
A4
A5
14
26
46
99
16
A1
A1
80
9A
91
66
96
65
68
0A
50
29
60
90
11
96
46
96
85
6A
2A
41
28
48
A5
66
82
61
22
08
21
4A

