A9
82
25
52
82
56
92
48
94
91
65
50
5A
61
6A
A0
5A
56
15
65
59
56
91
58
65
A6
45
44
54
51
2A
11
59
60
89
60
82
25
A6
65
56
02
92
A8
55
4A
96
44
69
92
62
60
62
61
60
26
14
96
0A
66
51
42
4A
64
19
55
59
5A
45
88
62
2A
21
85
02
64
2A
68
64
0A
A6
60
A5
44
9A
46
06
98
08
6A
69
50
AA
8A
98
55
15
88
1A
09
24
61
89
95
06
59
00
04
92
A0
59
16
48
99
55
66
69
26
24
A9
66
56
A8
22
29
0A
A1
25
89
86
16
A2
49
96
28
96
50
48
4A
4A
29
A6
54
6A
24
61
19
61
29
A8
A5
9A
44
04
85
89
28
28
56
81
16
55
59
A6
41
92
26
A9
49
65
20
99
19
88
24
92
10
41
64
96
61
88
85
59
80
58
94
80
21
42
85
59
2A
59
2A
21
65
51
69
82
2A
96
5A
8A
55
96
14
66
95
A6
49
62
95
61
94
A5
1A
90
85
54
86
04
25
45
58
46
4A
2A
64
69
44
6A
6A
19
42
96
51
59
0A
46
40
62
2A
A6
22
21
95
29
16
55
AA
99
88
A2
89
9A
88
A9
12
61
65
A0
90
52
48
59
86
A1
20
68
26
59
A5
94
69
46
1A
58
21
59
A9
29
68
94
65
A8
0A
44
50
29
15
A6
2A
96
86
09
9A
06
65
85
28
A5
95
26
96
68
9A
82
80
A8
19
66
95
91
24
50
68
06
49
AA
81
15
95
50
90
06
52
82
12
96
22
81
82
02
92
12
19
41
62
56
52
51
28
66
8A
98
90
1A
0A
55
46
A2
01
91
86
52
1A
18
91
62
09
0A
24
55
56
A6
66
95
54
26
62
95
62
59
68
A2
81
02
99
29
16
AA
00
04
58
65
60
20
A0
A0
52
40
80
92
51
41
10
10
50
90
91
A1
10
22
42
20
41
92
46
02
51
62
52
A4
90
A2
21
66
98
50
80
42
80
60
91
91
90
60
A0
68
41
60
82
A2
59
A2
82
50
51
51
92
00
80
20
1A
60
62
20
80
45
A2
82
58
90
92
08
59
45
91
40
A8
24
A0
61
51
12
92
80
4A
61
55
98
51
50
90
68
40
62
51
6A
61
54
51
01
18
46
66
AA
98
A5
A6
68
A1
54
65
85
8A
4A
2A
A6
8A
80
9A
91
55
05
21
51
21
96
A9
98
9A
05
52
55
84
49
16
29
56
45
02
12
94
2A
A9
64
12
92
02
04
15
56
85
94
09
69
14
95
91
96
11
1A
12
25
9A
65
92
00
2A
2A
A1
A6
41
68
5A
05
59
58
56
85
90
10
45
54
14
45
12
90
52
26
15
1A
09
54

