1011011001100
1001001101100
1011101011100
1011100110000
1011010100011
1011101100000
1011011001100
1011101000111
1011110000011
1011010111100
1011010001100
1011100000000
1011011000000
1011000100111
1011110111000
1011101110011
1011010100111
1011001011000
1010111111000
1011101101100
1011101000111
1011011000000
1011011000000
1011111010011
1011000001100
1010101010011
1011000100111
1011001010011
1011111010000
1000101100111
1011111011000
1010110000000
1011011100000
1010111000111
1010111100011
1011011001100
1011100100011
1011110100011
1011010100000
1100010110011
1011011111100
1100000000111
1011100000011
1010111000011
1011011011100
1011000000011
1011000010011
1011000011100
1011000000011
1011010000011
1011101100111
1011001010000
1011001000000
1010001000000
1011100010000
1011011000011
1011011100000
1100000011100
1011100010011
1011011011000
1011000111100
1011100111000
1010111000111
1011000000011
1011111010011
1011100100111
1010100110011
1011001000011
1011010111100
1010111100111
1011100001100
1011001001100
1100000001100
1011001000000
1011000001100
1011111010011
1011000100111
1010110110011
1011100010000
1011001101100
1011000111100
1011001000000
1010111110011
1011101110011
1010101101100
1011011111100
1010011110011
1011000100011
1011100110011
1011110000011
1011011111100
0111011111000
1011100010000
1100000010000
1011110100000
1011101011000
1001010000011
1001001010011
1001000011100
1001010110000
1001100100000
1001100100000
1001011111100
1001010000000
1001001000111
1001011110011
1001011011000
1001000100111
1001010101100
1001101010011
1001011100000
1001100111000
1001001000000
1001001100011
1001011011100
1001001000000
1001000000000
1000110111100
1001010011100
1001100111100
1001001010000
0110100000011
1001010110011
1001011111000
1001101111000
1001100111100
1001101111000
1001001111000
1001011010011
1001010111100
1001001011000
1001010111100
1000111101100
1000101100000
1001100011100
1001000110011
1001001011000
1001001011000
1001010100111
1001100001100
1001010010011
1001011011100
1001010110011
1001100011100
1000010011000
1001000110000
1001011111100
1001010110011
1001101111000
1001100010000
1000111100000
1001001000011
1001101100011
1001010100000
1001001000111
1001000110011
1001011101100
1001011000111
1001100111100
1001011111000
1001100011000
1000111011100
1001101000000
1001011010011
1001011101100
1001011000011
1001011000111
1001000011000
1001001000000
1001101010000
1001010100000
1001011111100
1000111100000
1001010011100
1001011000111
1001010111000
1001011000111
1001010100000
1001011000111
1001010111100
1001000111000
1001101110000
1001100010000
1001100111100
1001000010000
1001010111000
1001010011000
1001000010011
1001010000111
1001110001100
1001001100011
1001001100111
0111110110001
0110011001110
1000010000111
0111101111110
0111111111110
0111111011000
1000000000011
1000011100000
1000100000011
1000001000000
0101010000001
1000001110011
1000001000111
0111101000111
1000001001100
1000011000000
0111010011100
1000001000111
1000011010000
0111101111000
0111111011010
1000010011000
1000000011000
0111011100011
1000001111100
1000010110000
0111000011000
1000011111100
1000010101100
0111111100011
0111101100101
0111100001110
1000010100011
1000001110000
0111011101010
1000010101100
1000000101100
1000010000000
1000001011100
1000010110011
1000010000000
1000001000011
1000010101100
0111111100111
0111010100111
1000001010011
0111111001110
0111110111110
0110100101110
0111100011010
0111111001010
1000001011000
1000001011000
1000010000000
1000010100111
0111100101110
1000011010000
1000011100000
1000001101100
1000010001100
1000000110011
0111111110001
1000000011100
1000001100111
1000100000000
1000001100000
1000000011100
1000001100000
0110001100011
1000001101100
0111110001110
0111011011110
0111111100001
0111111001110
1000101010000
1000001010011
0111110000000
0110101110011
1000011100011
0111111111010
0111110110001
1000100000011
0110100110011
1000010111000
0111101000001
1000000100011
0111011000001
1000001111100
1000001110011
1000010011000
1000001000000
1000010000011
1000001111000
1000001100111
1000011010011
1000011000011
1100110001100
1001010000000
1101000111100
1101011001100
1101000111100
1100111111000
1100110011000
1100111000000
1100111111100
1101001110000
1000101010011
1100110110000
1100100001100
1101001111100
1100110100000
1001111100111
1100111101100
1100101111000
1100010010011
1101001000000
1000110101100
1101001010000
1100110101100
1101001000011
1100111001100
1100101001100
1011111101100
1100011110000
1101010100011
1011110000000
1100111100111
1000011110000
1100111111100
1101000000111
1101011100011
1101010010011
1010101100011
1100110000000
1100010000000
1100110100011
1100111111100
1100101100000
1101001100111
1100011011000
1100011101100
1100110100000
1100100111000
1101010100011
1100110000000
1101000000011
1101110000000
1100011111000
1100010001100
1100101100111
1100101100011
1000111100011
1101001000011
1101000100000
1100110011000
1001101010000
1100111100011
1101010111000
1100111111100
1100010110011
1100010101100
1100111111000
1100011110011
1100100100011
1100011011000
1101001001100
1101100001100
0011010100110
1011011000000
1101010100011
1101101011100
1101000110000
1100111000111
1100111000011
1100110011100
1101010000000
1101011010011
1100110011100
1100100111100
1100101011100
1100000100111
1100111100111
1100000010000
1100100010011
1101010100000
1100011111000
1100110100000
1101001110000
1101011000000
1101001111000
1100001000111
1100110100000
