14
69
26
90
88
90
04
10
A8
18
04
90
66
18
10
14
52
6A
44
90
24
9A
90
05
84
18
00
A1
48
25
62
5A
69
92
84
61
40
22
21
45
20
A6
A6
A4
96
1A
28
A1
96
62
92
64
66
69
21
64
16
40
04
02
6A
26
15
22
5A
42
49
41
55
8A
51
92
5A
99
54
A5
8A
08
44
45
40
69
95
65
81
48
11
25
89
AA
66
9A
69
55
59
64
50
A4
10
52
02
09
50
45
42
00
49
49
18
66
A4
60
9A
45
42
61
25
01
21
4A
19
46
05
08
4A
58
51
AA
59
0A
29
AA
51
12
69
56
25
9A
A5
89
94
64
62
18
00
82
05
09
AA
A1
A6
80
A6
A2
42
59
80
12
26
51
AA
68
28
A6
2A
56
1A
82
51
54
5A
6A
A0
46
66
56
92
58
5A
A9
29
6A
A5
A2
12
16
12
95
12
01
96
9A
A8
24
58
16
A5
94
81
89
A1
12
01
68
04
46
16
4A
61
02
81
A9
06
8A
46
45
14
09
99
28
29
62
80
AA
65
A2
62
40
16
96
26
19
04
66
A4
49
54
2A
52
A9
86
48
82
49
02
58
91
46
60
92
64
A5
16
28
A2
24
45
0A
9A
00
A6
60
50
59
90
88
44
86
90
19
61
69
49
A6
59
A6
84
55
A5
02
A4
A9
59
29
22
20
18
25
94
22
41
88
96
90
9A
86
92
8A
61
96
90
62
9A
58
50
88
8A
92
86
82
AA
44
54
82
68
86
69
A6
59
A6
54
21
61
69
9A
65
95
05
92
55
96
45
99
AA
65
96
96
60
94
68
61
41
12
89
65
50
90
65
65
69
82
86
9A
69
82
58
41
69
90
41
98
A6
98
92
69
A9
96
89
A9
51
64
51
64
65
96
65
26
69
49
9A
69
61
61
69
22
50
A4
05
5A
52
14
0A
44
01
A5
6A
09
55
20
A1
91
A4
12
55
0A
52
64
8A
80
90
25
24
09
A2
44
2A
11
20
25
96
65
42
92
81
02
85
51
AA
98
69
09
86
A4
0A
04
18
20
15
44
82
29
41
55
61
98
80
50
19
44
9A
42
46
66
90
8A
92
06
45
59
0A
42
9A
29
66
92
14
85
52
91
01
41
44
22
A8
54
5A
05
2A
A9
A8
48
50
85
51
51
41
26
4A
52
14
96
29
48
95
45
A4
18
58
28
4A
51
42
16
01
84
41
84
2A
06
11
42
10
91
A0
94
91
44
AA
21
4A
68
15
69
61
68
92
A2
49
41
92
50
A6
15
56
10
59
A5
52
62
06
84
21
A2
06
05
98
6A
16
81
06
82
82
52
2A
88
44
94
68
15
12
A8
92
96
81
45
84
4A
98
95
8A
98
69
A5
A5
99
59

