0A
22
65
12
01
A9
21
5A
51
45
05
95
9A
88
59
89
00
96
09
22
A5
96
25
8A
56
81
A2
41
5A
A1
85
A2
66
14
25
91
12
91
28
89
56
25
28
16
59
91
24
85
92
A1
A5
00
94
4A
94
10
09
19
60
51
91
66
65
1A
4A
62
15
29
1A
92
29
51
94
95
05
99
6A
91
86
6A
50
15
A9
59
61
08
A1
20
90
46
26
4A
86
59
49
69
18
14
61
59
61
56
AA
9A
92
01
98
1A
04
51
94
25
51
86
29
08
4A
A4
96
A2
42
96
15
81
80
29
A1
A1
94
52
2A
A1
05
28
64
6A
8A
5A
60
58
01
41
22
4A
08
A0
1A
61
52
99
19
59
29
84
1A
0A
4A
00
65
61
99
69
42
66
05
A9
A8
91
4A
52
4A
44
19
25
98
50
84
54
AA
88
51
94
8A
98
65
65
A6
05
66
A9
28
85
25
66
6A
55
55
25
82
5A
96
54
84
9A
49
28
AA
59
0A
A9
05
91
65
40
58
90
98
62
96
92
56
55
AA
51
28
91
26
80
1A
54
56
A4
96
99
90
62
5A
2A
50
96
48
55
94
25
55
62
25
41
A5
12
A9
81
28
15
41
98
21
98
60
94
8A
4A
94
9A
65
55
14
64
85
95
1A
A2
46
0A
88
56
95
16
A6
00
89
86
08
4A
54
19
62
82
61
A0
55
41
04
6A
52
25
90
92
66
62
55
2A
A6
A5
6A
15
AA
56
A4
9A
19
2A
61
96
48
01
99
81
A5
44
20
56
90
A8
11
19
0A
29
69
09
0A
52
99
69
24
8A
28
99
9A
85
56
91
40
56
A4
11
A8
42
A9
92
16
89
14
91
5A
52
11
92
AA
95
5A
06
96
24
A5
86
98
6A
88
20
69
51
82
61
81
80
10
55
51
85
58
49
55
91
86
11
1A
69
81
28
9A
58
44
99
21
45
19
09
56
41
85
40
6A
92
20
66
96
26
10
2A
69
11
A0
80
48
45
66
29
09
80
14
45
54
4A
64
8A
69
84
45
95
84
95
24
86
65
A5
0A
19
46
25
11
21
6A
26
49
86
59
41
5A
15
1A
4A
46
92
55
61
92
29
90
A9
A5
6A
46
1A
68
88
21
5A
11
56
64
40
81
5A
16
92
65
64
26
69
95
85
06
16
06
46
16
6A
11
90
85
24
18
98
60
26
55
80
9A
46
26
59
96
51
45
62
95
65
1A
09
01
21
94
84
11
56
A8
50
46
1A
14
68
86
2A
46
19
89
A9
A0
65
51
62
49
90
56
06
69
59
8A
51
9A
A9
5A
56
9A
A5
69
5A
A9
92
40
54
19
61
A4
91
45
24
65
AA
55
90
86
16
25
00
69
54
49
A0
68
A5
11
95
69
AA

