18
56
09
41
56
4A
69
86
AA
84
A6
18
59
21
84
9A
86
86
69
09
84
16
54
A4
56
69
02
56
58
A9
02
84
0A
A9
A5
21
8A
55
1A
61
A0
AA
65
A8
2A
26
A2
52
91
5A
95
40
A8
90
A9
A4
5A
91
AA
A0
48
98
9A
15
96
66
A6
45
5A
81
82
98
82
A6
92
1A
0A
89
56
A5
22
18
96
A4
86
25
49
96
90
5A
99
5A
04
15
28
84
48
66
41
A6
2A
A2
42
91
28
94
1A
1A
86
25
65
41
6A
A5
64
91
0A
94
45
96
AA
A5
2A
96
A2
55
21
05
98
55
25
25
21
89
66
0A
05
52
84
54
92
5A
91
50
44
A1
58
29
68
81
04
52
55
A1
A6
26
28
9A
18
81
69
94
49
96
96
A5
59
92
AA
0A
8A
A1
51
49
AA
61
59
91
16
60
10
15
01
A2
99
44
18
6A
60
96
82
50
66
65
64
89
92
51
62
04
49
2A
05
A0
96
42
A1
5A
2A
48
A2
9A
66
62
64
01
95
09
11
AA
A6
0A
61
92
96
A2
A1
16
AA
01
21
15
62
59
49
64
A9
54
18
86
95
81
AA
61
68
24
85
16
A6
69
A2
9A
40
25
A6
A6
A8
62
95
95
59
4A
55
28
09
45
05
A8
A4
61
59
52
19
91
A0
86
4A
8A
51
96
22
51
95
80
A5
41
55
15
65
96
5A
A6
54
5A
11
88
56
92
98
A6
92
A5
99
84
10
9A
61
A8
51
55
26
50
98
19
9A
95
51
10
55
28
66
A0
04
20
2A
5A
8A
81
09
40
60
41
10
69
60
81
94
09
A1
26
51
12
50
4A
01
20
26
92
95
28
86
6A
60
46
65
16
94
20
68
65
42
91
A4
25
0A
50
06
81
66
19
94
66
A6
61
52
49
88
58
92
99
85
9A
29
05
54
16
44
06
62
05
95
A9
95
60
2A
15
5A
91
6A
29
6A
52
48
66
28
9A
81
0A
81
06
21
58
16
16
94
2A
89
55
62
59
92
4A
92
18
89
8A
89
82
9A
4A
28
A8
96
00
91
59
18
46
96
42
A0
89
44
9A
55
A6
88
60
19
2A
99
A2
A5
52
58
A2
54
5A
80
44
2A
98
A6
08
65
54
64
A6
A0
66
51
1A
00
06
21
AA
55
A0
54
46
61
86
58
26
90
05
46
A9
96
6A
65
5A
A2
44
98
A2
44
06
15
25
5A
A0
64
89
60
AA
88
05
59
62
49
88
A9
24
8A
A9
A5
40
64
22
29
89
0A
A0
98
56
A0
19
1A
46
95
62
48
68
85
A6
14
25
82
A4
68
98
88
81
24
5A
66
01
41
65
60
A8
89
A8
52
65
9A
41
52
A9
94
14
2A
26
01
91
AA
92
5A
A5
A4
61
09
51
24
9A

