92
25
A6
61
A5
20
61
04
51
14
A5
55
88
96
A0
1A
88
41
10
5A
A2
52
A8
AA
29
81
50
46
58
5A
61
50
90
90
68
88
88
90
16
A9
98
2A
14
AA
59
98
95
18
A5
2A
A4
50
AA
40
09
A6
88
89
25
41
91
98
88
81
A6
92
44
91
66
60
19
20
12
11
62
16
55
22
81
58
51
A5
25
95
55
95
5A
06
98
88
82
41
A5
06
25
02
61
99
20
86
90
90
82
A6
06
50
A4
56
81
10
09
66
96
85
88
52
15
5A
85
49
24
56
18
96
91
A4
22
06
45
69
16
68
21
6A
95
A9
41
16
A9
92
29
41
10
88
95
28
06
04
64
1A
A4
04
28
90
09
2A
49
54
84
A0
54
A1
95
09
5A
29
24
28
A9
84
A4
68
42
96
A5
29
A9
95
96
41
68
14
68
90
28
96
54
6A
94
94
80
54
81
44
10
66
06
64
45
24
62
A6
29
5A
20
A9
26
15
09
94
25
15
29
99
86
98
19
26
18
4A
00
85
5A
2A
18
18
59
28
59
9A
A9
5A
1A
29
11
1A
60
46
A4
09
22
89
A9
19
82
69
9A
05
90
05
92
86
58
48
46
0A
AA
A0
95
18
11
45
60
19
45
06
25
05
66
90
54
98
16
A4
29
66
19
25
98
66
A1
26
24
40
A9
26
46
64
A8
45
0A
49
48
04
09
14
61
24
2A
A0
A9
56
96
A2
41
A1
81
A0
88
86
21
98
A5
25
46
11
54
69
04
22
0A
02
AA
05
A2
22
64
88
A4
0A
26
46
42
19
48
A9
55
88
26
00
20
42
A9
05
29
80
12
5A
A5
26
64
98
82
A0
10
45
06
22
61
8A
69
08
A8
05
94
58
09
08
5A
45
AA
95
10
05
4A
54
AA
90
29
4A
65
84
59
21
A1
56
60
42
54
56
52
14
56
52
90
51
A4
50
61
46
04
98
52
02
66
90
92
48
90
52
28
16
88
22
06
81
A0
09
29
48
48
A9
12
49
20
86
A9
96
95
45
56
25
5A
85
80
0A
22
81
94
99
65
98
14
26
90
11
9A
94
52
40
15
A0
61
45
5A
12
52
64
44
18
62
A5
15
54
01
42
0A
52
98
5A
A1
10
A1
96
56
65
1A
12
40
52
84
04
88
86
A6
44
26
80
A6
5A
8A
94
50
66
55
49
69
18
42
06
A0
54
5A
09
52
56
6A
29
25
06
91
59
9A
86
15
55
22
A5
A6
59
05
65
99
42
11
91
20
9A
16
81
4A
65
21
85
A4
59
52
65
69
01
A1
0A
59
24
A2
11
20
59
19
A1
46
02
51
41
64
24
68
AA
98
46
85
86
42
91
91
42
48
40
95
16
12
9A
80
52
11
41

