86
5A
84
50
6A
58
40
21
69
56
A6
40
51
69
64
19
A1
16
61
89
26
AA
5A
64
AA
16
AA
A2
49
A2
10
55
8A
91
99
A1
A1
A5
22
91
A4
86
69
4A
54
A1
68
A4
1A
A1
95
60
A0
A0
04
A9
86
4A
59
9A
4A
92
20
60
55
A5
48
A8
52
0A
1A
51
09
19
6A
10
50
88
49
61
95
58
61
96
85
48
95
12
A9
A6
5A
A6
6A
59
20
16
19
86
11
52
06
05
A2
96
A2
A5
9A
24
91
A6
9A
00
44
86
66
AA
46
A4
84
58
24
95
AA
A6
A2
1A
66
91
99
18
55
99
41
6A
62
4A
99
A9
49
99
62
95
A2
55
06
05
61
24
04
0A
62
52
41
00
94
89
61
29
55
80
46
09
A4
18
68
55
66
62
08
09
A8
10
0A
62
A5
69
0A
86
96
92
08
02
85
44
59
0A
A6
40
05
05
01
85
19
10
01
00
01
58
12
19
28
68
21
18
41
49
4A
9A
04
16
44
96
6A
A4
42
28
40
59
16
41
51
62
42
95
41
80
95
94
91
99
02
94
A5
01
81
26
82
91
4A
16
5A
A4
40
15
21
54
84
68
A8
86
0A
48
A2
88
08
22
68
25
58
26
1A
A8
04
A4
86
58
68
11
48
94
00
9A
14
4A
5A
59
95
6A
A2
62
A9
8A
40
96
6A
65
92
60
16
51
18
18
69
85
05
95
29
A1
21
16
A8
65
90
88
95
65
A5
15
25
46
94
02
A6
85
54
64
41
94
5A
29
52
08
0A
92
0A
08
A4
42
40
04
19
A0
55
86
A6
48
95
68
84
00
8A
49
44
90
A8
64
25
AA
16
28
96
25
16
06
5A
5A
49
59
52
40
99
A1
04
58
02
4A
06
88
28
15
46
15
4A
55
09
14
6A
06
A6
88
05
25
85
24
48
28
16
29
88
A9
09
AA
89
09
14
08
A9
15
48
96
45
68
59
98
49
68
A9
56
54
A9
26
A9
A5
A9
54
AA
16
16
16
96
16
16
18
16
16
25
96
A9
15
56
A9
96
A9
16
49
A6
44
95
0A
29
16
45
A9
15
44
64
68
A9
A9
16
99
15
55
06
89
64
6A
88
89
2A
59
4A
29
05
56
29
29
21
96
29
5A
89
96
65
21
66
A9
A9
25
21
51
24
52
95
06
A5
A5
41
04
54
49
9A
51
0A
51
2A
5A
18
15
86
48
59
15
A9
9A
59
42
10
48
56
18
65
82
A2
AA
29
2A
AA
5A
2A
2A
A1
A2
14
99
22
65
85
15
2A
55
2A
59
92
8A
16
6A
44
54
AA
64
02
29
54
51
09
54
AA
A6
91
10
08
52
22
01
95
65
66
51
AA
6A
95
96
11
88
55
A6
11
A5
95
11
09
16
59
54
50

