49
A2
59
AA
A2
A6
24
A4
26
A2
40
14
29
99
02
62
89
86
48
94
81
81
A1
4A
44
85
02
61
82
45
96
A5
55
10
1A
66
52
18
65
60
4A
94
56
61
41
42
A4
5A
A2
54
24
58
02
A0
92
24
54
A6
25
A0
22
59
86
A5
24
90
A6
69
58
A9
94
92
54
65
66
26
95
8A
68
10
04
95
69
A6
9A
A4
58
A0
4A
94
A4
49
A6
AA
A0
A5
00
11
46
00
42
9A
56
89
88
8A
44
04
42
29
88
65
69
89
89
60
4A
29
60
A6
A0
08
A9
4A
54
66
88
45
91
04
26
96
A4
86
49
95
94
04
56
28
29
25
09
95
5A
85
40
15
25
59
85
69
00
29
6A
5A
86
54
09
61
66
11
1A
22
10
15
80
98
52
01
22
82
A9
58
54
26
95
20
68
98
19
49
04
48
96
A4
60
90
26
52
46
89
5A
64
89
25
65
20
04
45
0A
10
05
68
51
85
49
98
40
05
26
55
45
25
65
16
82
18
16
16
02
60
19
59
96
A1
98
92
96
9A
05
90
9A
50
19
10
60
09
69
69
69
88
40
96
59
A6
42
89
18
54
60
99
2A
58
51
84
40
92
A0
96
85
96
24
29
02
42
11
49
52
68
29
16
06
64
05
42
18
65
85
05
49
09
65
9A
21
60
64
A6
61
2A
11
95
60
22
41
AA
A2
69
05
54
88
45
45
40
54
09
69
40
69
52
28
56
9A
28
52
69
42
55
45
81
86
82
90
6A
16
86
91
9A
16
86
9A
01
49
68
55
86
89
06
29
26
81
04
22
04
82
82
A2
AA
62
95
42
88
A5
A9
24
A2
40
21
64
22
94
48
25
4A
41
51
21
05
1A
18
65
65
92
A9
81
15
0A
56
69
81
69
01
65
25
5A
08
00
A2
62
62
1A
51
A4
A4
91
61
02
51
A8
14
85
20
A8
69
96
42
A5
95
94
64
00
08
00
A5
44
89
99
A9
15
94
99
59
14
15
85
15
99
65
59
A5
46
89
62
29
86
89
A5
42
A2
05
59
18
55
41
48
81
26
05
48
69
48
89
80
59
80
99
A6
28
84
50
46
48
09
06
81
66
15
49
90
6A
81
62
95
52
26
A5
42
0A
6A
65
2A
65
18
69
A4
A1
65
80
50
05
50
10
69
91
52
02
4A
A1
5A
00
A4
52
A9
98
92
A9
81
A9
66
69
15
5A
9A
56
56
96
14
54
60
52
56
6A
56
25
46
6A
A9
12
29
16
69
11
1A
90
44
AA
5A
24
A8
50
4A
0A
A0
65
09
49
A1
96
16
09
28
56
59
21
5A
06
6A
91
48
40
60
65
AA
A8
56
69
12
A9
52
29
61
98
21
A9
29
A1

