96
69
A8
A5
86
A4
99
66
A5
52
02
55
02
56
42
96
A2
51
A2
52
6A
65
59
56
64
04
19
15
86
A1
48
90
90
9A
99
15
46
28
88
66
82
9A
02
25
16
60
94
21
A8
82
A0
A8
50
98
92
99
92
49
21
A9
49
69
1A
51
66
2A
6A
6A
51
29
4A
6A
89
25
8A
A4
1A
19
12
A6
51
64
66
2A
A9
68
61
51
58
9A
9A
A6
24
19
56
40
05
15
8A
88
19
A4
0A
A9
49
59
40
26
95
A5
A2
61
26
94
82
84
68
44
2A
A5
AA
1A
05
A5
49
58
99
A1
1A
6A
66
12
99
26
10
98
12
4A
91
A1
A6
88
88
A1
64
19
A2
A6
AA
20
26
91
42
85
58
A5
59
22
42
06
06
54
14
62
AA
55
1A
58
51
6A
52
8A
96
26
46
AA
15
4A
A5
4A
62
A6
A6
55
86
40
A0
A4
96
59
28
14
18
85
66
86
29
61
69
02
99
96
89
A9
52
94
56
99
29
62
60
1A
26
56
95
A5
99
A5
29
AA
96
50
61
54
60
66
96
69
08
52
20
59
11
AA
54
95
58
66
66
62
56
A9
69
94
92
05
66
2A
94
95
51
98
A1
11
2A
96
51
1A
A6
96
69
A5
10
51
A9
96
A8
6A
91
09
55
02
9A
6A
68
AA
86
54
68
42
24
14
59
4A
11
6A
42
16
96
A5
82
62
56
52
16
16
19
68
AA
12
81
25
21
06
58
26
56
66
55
86
A9
55
66
5A
96
5A
9A
A4
19
4A
95
14
A8
02
A9
28
86
62
A2
02
21
62
95
55
60
0A
25
A4
56
9A
46
6A
14
05
61
55
9A
64
A6
15
46
A8
20
4A
19
54
54
06
9A
02
AA
21
98
16
A2
58
A0
05
14
59
56
86
98
16
5A
A8
51
94
09
55
64
65
9A
58
95
12
98
48
4A
66
A9
85
21
94
11
59
18
26
26
45
65
46
99
95
21
82
54
99
45
49
2A
9A
96
19
55
A6
64
01
5A
46
59
16
54
48
61
41
40
42
AA
29
25
26
A4
65
2A
A4
91
21
00
56
25
85
85
6A
95
89
68
66
A1
A8
95
56
26
62
21
04
8A
51
82
64
41
41
11
28
A4
84
55
2A
89
68
48
6A
56
26
64
29
94
9A
98
28
01
90
69
19
55
21
00
99
60
86
6A
A4
91
45
29
52
A2
59
16
91
62
58
66
26
28
21
96
89
59
44
05
69
81
66
45
69
60
56
65
59
A9
42
95
40
89
54
96
65
66
55
4A
45
66
84
69
A6
16
64
46
99
54
95
09
45
05
85
19
48
91
42
6A
41
50
68
48
29
55
69
48
A2
9A
59
98
A8
22
A4
00
81
66
16
48
66
A5
A6
69
9A

