0000000000000
0000000000000
0000000000000
0000000000000
0000000000000
0000000000000
0000000000000
0000000000000
0000000000000
0000000000000
0000000000000
0000000000000
0000000000000
0000000000000
0000000000000
0000000000000
0000000000000
0000000000000
0000000000000
0000000000000
0000000000000
0000000000000
0000000000000
0000000000000
0000000000000
0000000000000
0000000000000
0000000000000
0000000000000
0000000000000
0000000000000
0000000000000
0000000000000
0000000000000
0000000000000
0000000000000
0000000000000
0000000000000
0000000000000
0000000000000
0000000000000
0000000000000
0000000000000
0000000000000
0000000000000
0000000000000
0000000000000
0000000000000
0000000000000
0000000000000
0000000000000
0000000000000
0000000000000
0000000000000
0000000000000
0000000000000
0000000000000
0000000000000
0000000000000
0000000000000
0000000000000
0000000000000
0000000000000
0000000000000
0000000000000
0000000000000
0000000000000
0000000000000
0000000000000
0000000000000
0000000000000
0000000000000
0000000000000
0000000000000
0000000000000
0000000000000
0000000000000
0000000000000
0000000000000
0000000000000
0000000000000
0000000000000
0000000000000
0000000000000
0000000000000
0000000000000
0000000000000
0000000000000
0000000000000
0000000000000
0000000000000
0000000000000
0000000000000
0000000000000
0000000000000
0000000000000
1011101101010
1110000010100
0000100110011
0100010000110
1001010010111
1111110101110
0111110011000
0001000001110
1011010111011
0110101001010
0010101101101
1111011110000
1100110001101
1010100011001
1000101101100
0111001100100
0101111100000
0100111001101
0100000010111
0011010101110
0010110000011
0010010001100
0001111000001
0001100011001
0001010001111
0001000011100
0000110111110
0000101110000
0000100110000
0000011111011
0000011001111
0000010101010
0000010001101
0000001110100
0000001100000
0000001001111
0000001000001
0000000110110
0000000101100
0000000100100
0000000011110
0000000011001
0000000010100
0000000010001
0000000001110
0000000001011
0000000001001
0000000000111
1011101101010
1110000010100
0000100110011
0100010000110
1001010010111
1111110101110
0111110011000
0001000001110
1011010111011
0110101001010
0010101101101
1111011110000
1100110001101
1010100011001
1000101101100
0111001100100
0101111100000
0100111001101
0100000010111
0011010101110
0010110000011
0010010001100
0001111000001
0001100011001
0001010001111
0001000011100
0000110111110
0000101110000
0000100110000
0000011111011
0000011001111
0000010101010
0000010001101
0000001110100
0000001100000
0000001001111
0000001000001
0000000110110
0000000101100
0000000100100
0000000011110
0000000011001
0000000010100
0000000010001
0000000001110
0000000001011
0000000001001
0000000000111
0100011000111
1111100110000
1101001110100
0011011111011
0110011110001
1000101111110
1011101001101
1111110100011
0101011101110
1100100100111
0101000001101
1110101101101
1001011011000
0101000001110
0001011000100
1110010111100
1011110111011
1001110010111
1000000101101
0110101011100
0101100000111
0100100011001
0011110000011
0011000110011
0010100011110
0010000111001
0001101111100
0001011100000
0001001100000
0000111110110
0000110011110
0000101010101
0000100011010
0000011101001
0000011000000
0000010011110
0000010000011
0000001101100
0000001011001
0000001001001
0000000111100
0000000110010
0000000101001
0000000100010
0000000011100
0000000010111
0000000010011
0000000001111
0100011000111
1111100110000
1101001110100
0011011111011
0110011110001
1000101111110
1011101001101
1111110100011
0101011101110
1100100100111
0101000001101
1110101101101
1001011011000
0101000001110
0001011000100
1110010111100
1011110111011
1001110010111
1000000101101
0110101011100
0101100000111
0100100011001
0011110000011
0011000110011
0010100011110
0010000111001
0001101111100
0001011100000
0001001100000
0000111110110
0000110011110
0000101010101
0000100011010
0000011101001
0000011000000
0000010011110
0000010000011
0000001101100
0000001011001
0000001001001
0000000111100
0000000110010
0000000101001
0000000100010
0000000011100
0000000010111
0000000010011
0000000001111
0010000100000
1111000101011
0001111101110
1111001000010
1101111101111
0100110010100
1000000000010
1010010010011
1101000101111
0001000110100
0110100010101
1101100000010
0101110100010
1111010111010
1001111110010
0101011111101
0001110001000
1110101011001
1100000111110
1010000000111
1000010001001
0110110100101
0101101000101
0100101001101
0011110101110
0011001010110
0010100111011
0010001010001
0001110010000
0001011110001
0001001101101
0001000000000
0000110100111
0000101011101
0000100100000
0000011101110
0000011000100
0000010100010
0000010000101
0000001101110
0000001011011
0000001001011
0000000111110
0000000110011
0000000101010
0000000100010
0000000011100
0000000010111
0010000100000
1111000101011
0001111101110
1111001000010
1101111101111
0100110010100
1000000000010
1010010010011
1101000101111
0001000110100
0110100010101
1101100000010
0101110100010
1111010111010
1001111110010
0101011111101
0001110001000
1110101011001
1100000111110
1010000000111
1000010001001
0110110100101
0101101000101
0100101001101
0011110101110
0011001010110
0010100111011
0010001010001
0001110010000
0001011110001
0001001101101
0001000000000
0000110100111
0000101011101
0000100100000
0000011101110
0000011000100
0000010100010
0000010000101
0000001101110
0000001011011
0000001001011
0000000111110
0000000110011
0000000101010
0000000100010
0000000011100
0000000010111
1111001000010
1011101101011
0011110101110
0011100101111
1010110100000
1111111001111
1010000011000
1110101001000
0001001001111
0011100100101
0110111000101
1011101000011
0001110101011
1001011111001
0010011100011
1100100011011
0111101000010
0011100010000
0000001001001
1101010101111
1011000001001
1001000110000
0111100000101
0110001100110
0101000111101
0100001110011
0011011111001
0010111000001
0010011000000
0001111101100
0001100111100
0001010101011
0001000110100
0000111010010
0000110000000
0000100111101
0000100000110
0000011011000
0000010110010
0000010010011
0000001111001
0000001100100
0000001010010
0000001000100
0000000111000
0000000101110
0000000100110
0000000011111
1111001000010
1011101101011
0011110101110
0011100101111
1010110100000
1111111001111
1010000011000
1110101001000
0001001001111
0011100100101
0110111000101
1011101000011
0001110101011
1001011111001
0010011100011
1100100011011
0111101000010
0011100010000
0000001001001
1101010101111
1011000001001
1001000110000
0111100000101
0110001100110
0101000111101
0100001110011
0011011111001
0010111000001
0010011000000
0001111101100
0001100111100
0001010101011
0001000110100
0000111010010
0000110000000
0000100111101
0000100000110
0000011011000
0000010110010
0000010010011
0000001111001
0000001100100
0000001010010
0000001000100
0000000111000
0000000101110
0000000100110
0000000011111
0101010000011
0101011000101
1110100101000
1001010111100
1101101011010
1000011110101
1111111111100
1011100000001
0000101110011
0011011010000
0101101101001
1000111000100
1101010110100
0011010100111
1010110000011
0011100001100
1101011100001
1000010111001
0100001001100
0000101010010
1101110000110
1011010111001
1001011000101
0111101111111
0110011001100
0101010010000
0100010111000
0011100110010
0010111110001
0010011100111
0010000001100
0001101010110
0001011000010
0001001000110
0000111100000
0000110001100
0000101000111
0000100001110
0000011011111
0000010111000
0000010011000
0000001111101
0000001100111
0000001010101
0000001000110
0000000111010
0000000110000
0000000100111
0101010000011
0101011000101
1110100101000
1001010111100
1101101011010
1000011110101
1111111111100
1011100000001
0000101110011
0011011010000
0101101101001
1000111000100
1101010110100
0011010100111
1010110000011
0011100001100
1101011100001
1000010111001
0100001001100
0000101010010
1101110000110
1011010111001
1001011000101
0111101111111
0110011001100
0101010010000
0100010111000
0011100110010
0010111110001
0010011100111
0010000001100
0001101010110
0001011000010
0001001000110
0000111100000
0000110001100
0000101000111
0000100001110
0000011011111
0000010111000
0000010011000
0000001111101
0000001100111
0000001010101
0000001000110
0000000111010
0000000110000
0000000100111
1100001111000
0011101000011
1000001110110
0010011001001
1100101110001
1111100101110
1001010000000
1111111111111
1011000101010
0000000110101
0010101011110
0101000100001
1000010000100
1100110100010
0010110111100
1010011000010
0011001100000
1101001001111
1000001000101
0011111110000
0000100000000
1101101000000
1011010000100
1001010010111
0111101011010
0110010101100
0101001110110
0100010100010
0011100100001
0010111100010
0010011011011
0010000000001
0001101001111
0001010111011
0001001000001
0000111011100
0000110001001
0000101000100
0000100001011
0000011011101
0000010110110
0000010010110
0000001111100
0000001100110
0000001010100
0000001000101
0000000111001
0000000101111
1100001111000
0011101000011
1000001110110
0010011001001
1100101110001
1111100101110
1001010000000
1111111111111
1011000101010
0000000110101
0010101011110
0101000100001
1000010000100
1100110100010
0010110111100
1010011000010
0011001100000
1101001001111
1000001000101
0011111110000
0000100000000
1101101000000
1011010000100
1001010010111
0111101011010
0110010101100
0101001110110
0100010100010
0011100100001
0010111100010
0010011011011
0010000000001
0001101001111
0001010111011
0001001000001
0000111011100
0000110001001
0000101000100
0000100001011
0000011011101
0000010110110
0000010010110
0000001111100
0000001100110
0000001010100
0000001000101
0000000111001
0000000101111
0100000110000
0001110111100
0000001100101
0100100010110
0010010011100
1000110110010
0110011111010
1011110100110
1111101111111
1001010001000
1101100010101
0000000000000
0010011100010
0101111001001
1010101111101
0001000110100
1000110111001
0001111010000
1100000110001
0111010000110
0011001110110
1111111000101
1101001000010
1010110101111
1000111101000
0111011001000
0110000110100
0101000010010
0100001010001
0011011011101
0010110101010
0010010101100
0001111011100
0001100101111
0001010100001
0001000101011
0000111001010
0000101111010
0000100111000
0000100000001
0000011010100
0000010101111
0000010010001
0000001110111
0000001100010
0000001010001
0000001000011
0000000110111
0100000110000
0001110111100
0000001100101
0100100010110
0010010011100
1000110110010
0110011111010
1011110100110
1111101111111
1001010001000
1101100010101
0000000000000
0010011100010
0101111001001
1010101111101
0001000110100
1000110111001
0001111010000
1100000110001
0111010000110
0011001110110
1111111000101
1101001000010
1010110101111
1000111101000
0111011001000
0110000110100
0101000010010
0100001010001
0011011011101
0010110101010
0010010101100
0001111011100
0001100101111
0001010100001
0001000101011
0000111001010
0000101111010
0000100111000
0000100000001
0000011010100
0000010101111
0000010010001
0000001110111
0000001100010
0000001010001
0000001000011
0000000110111
1110101000110
1000000100010
0001001100111
0010111000000
1010110010011
1001110111010
1001100100010
1111010000111
1110100000100
1110100110100
0110000010111
1001100001111
1011110011011
1110011111101
0010010110010
0111101010111
1110011100100
0110100110111
0000000001111
1010100010100
0101111101000
0010001001000
1110111111110
1100011000110
1010001110110
1000011100100
0110111110010
0101110000011
0100110000001
0011111011000
0011001111001
0010101010111
0010001101001
0001110100100
0001100000001
0001001111010
0001000001100
0000110110000
0000101100101
0000100100110
0000011110011
0000011001000
0000010100101
0000010001000
0000001110000
0000001011101
0000001001100
0000000111111
1110101000110
1000000100010
0001001100111
0010111000000
1010110010011
1001110111010
1001100100010
1111010000111
1110100000100
1110100110100
0110000010111
1001100001111
1011110011011
1110011111101
0010010110010
0111101010111
1110011100100
0110100110111
0000000001111
1010100010100
0101111101000
0010001001000
1110111111110
1100011000110
1010001110110
1000011100100
0110111110010
0101110000011
0100110000001
0011111011000
0011001111001
0010101010111
0010001101001
0001110100100
0001100000001
0001001111010
0001000001100
0000110110000
0000101100101
0000100100110
0000011110011
0000011001000
0000010100101
0000010001000
0000001110000
0000001011101
0000001001100
0000000111111
0100110000000
0100011111101
1100100001000
0111110000111
0001111010010
1001011100110
0101010110101
1011001010110
0111011010101
1111111100010
1100000000110
0001100000101
0100001111111
0110100011111
1001101001010
1110000011111
0011111011100
1011010000001
0011111011101
1101110011001
1000101010100
0100011001000
0000110111000
1101111011011
1011100000011
1001100000000
0111110101111
0110011110011
0101010110001
0100011010011
0011101001000
0011000000010
0010011110111
0010000011001
0001101100001
0001011001010
0001001001110
0000111100110
0000110010001
0000101001011
0000100010001
0000011100001
0000010111010
0000010011001
0000001111111
0000001101000
0000001010110
0000001000111
0100110000000
0100011111101
1100100001000
0111110000111
0001111010010
1001011100110
0101010110101
1011001010110
0111011010101
1111111100010
1100000000110
0001100000101
0100001111111
0110100011111
1001101001010
1110000011111
0011111011100
1011010000001
0011111011101
1101110011001
1000101010100
0100011001000
0000110111000
1101111011011
1011100000011
1001100000000
0111110101111
0110011110011
0101010110001
0100011010011
0011101001000
0011000000010
0010011110111
0010000011001
0001101100001
0001011001010
0001001001110
0000111100110
0000110010001
0000101001011
0000100010001
0000011100001
0000010111010
0000010011001
0000001111111
0000001101000
0000001010110
0000001000111
