000000000000000
000000000000000
000000000000000
000000000000000
000000000000000
000000000000000
000000000000000
000000000000000
000000000000000
000000000000000
000000000000000
000000000000000
000000000000000
000000000000000
000000000000000
000000000000000
000000000000000
000000000000000
000000000000000
000000000000000
000000000000000
000000000000000
000000000000000
000000000000000
000000000000000
000000000000000
000000000000000
000000000000000
000000000000000
000000000000000
000000000000000
000000000000000
000000000000000
000000000000000
000000000000000
000000000000000
000000000000000
000000000000000
000000000000000
000000000000000
000000000000000
000000000000000
000000000000000
000000000000000
000000000000000
000000000000000
000000000000000
000000000000000
000000000000000
000000000000000
000000000000000
000000000000000
000000000000000
000000000000000
000000000000000
000000000000000
000000000000000
000000000000000
000000000000000
000000000000000
000000000000000
000000000000000
000000000000000
000000000000000
000000000000000
000000000000000
000000000000000
000000000000000
000000000000000
000000000000000
000000000000000
000000000000000
000000000000000
000000000000000
000000000000000
000000000000000
000000000000000
000000000000000
000000000000000
000000000000000
000000000000000
000000000000000
000000000000000
000000000000000
000000000000000
000000000000000
000000000000000
000000000000000
000000000000000
000000000000000
000000000000000
000000000000000
000000000000000
000000000000000
000000000000000
000000000000000
100010100110001
101011011001100
110001101111111
110110001001110
111001001101011
111011010110010
111100110101111
111101110110100
111110100010100
111110111110110
111111010011111
111111100011111
111111101011000
111111110000000
111111110101000
111111111011000
111111111011001
111111111101111
111111111111111
111111111101001
111111111110000
111111111110101
111111111111000
111111111111011
111111111111100
111111111111101
111111111111110
111111111111110
111111111111111
111111111111111
111111111111111
111111111111111
111111111111111
111111111111111
111111111111111
111111111111111
111111111111111
111111111111111
111111111111111
111111111111111
111111111111111
111111111111111
111111111111111
111111111111111
000000000000000
000000000000000
000000000000000
000000000000000
100010100110001
101011011001100
110001101111111
110110001001110
111001001101011
111011010110010
111100110101111
111101110110100
111110100010100
111110111110110
111111010011111
111111100011111
111111101011000
111111110000000
111111110101000
111111111011000
111111111011001
111111111101111
111111111111111
111111111101001
111111111110000
111111111110101
111111111111000
111111111111011
111111111111100
111111111111101
111111111111110
111111111111110
111111111111111
111111111111111
111111111111111
111111111111111
111111111111111
111111111111111
111111111111111
111111111111111
111111111111111
111111111111111
111111111111111
111111111111111
111111111111111
111111111111111
111111111111111
111111111111111
000000000000000
000000000000000
000000000000000
000000000000000
100101010110111
111010111000101
001101001111100
011011100100001
100110010101000
101110000111001
110011101000001
110111011101001
111010001011001
111011111111001
111101010001110
111110001000101
111110101100110
111111001000101
111111011000000
111111100100001
111111101100101
111111110011111
111111110111101
111111111000110
111111111100011
111111111110110
111111111100011
111111111101100
111111111110010
111111111110111
111111111111001
111111111111011
111111111111101
111111111111110
111111111111110
111111111111111
111111111111111
111111111111111
111111111111111
111111111111111
111111111111111
111111111111111
111111111111111
111111111111111
111111111111111
111111111111111
111111111111111
111111111111111
111111111111111
111111111111111
111111111111111
000000000000000
100101010110111
111010111000101
001101001111100
011011100100001
100110010101000
101110000111001
110011101000001
110111011101001
111010001011001
111011111111001
111101010001110
111110001000101
111110101100110
111111001000101
111111011000000
111111100100001
111111101100101
111111110011111
111111110111101
111111111000110
111111111100011
111111111110110
111111111100011
111111111101100
111111111110010
111111111110111
111111111111001
111111111111011
111111111111101
111111111111110
111111111111110
111111111111111
111111111111111
111111111111111
111111111111111
111111111111111
111111111111111
111111111111111
111111111111111
111111111111111
111111111111111
111111111111111
111111111111111
111111111111111
111111111111111
111111111111111
111111111111111
000000000000000
000000101001111
001101101010101
100010110110100
111000100010001
001011010110001
011010001100100
100101010011001
101101010110101
110011000111100
110111000101010
111001111011000
111011110100110
111101001010010
111110000010010
111110101001100
111111000111101
111111011000101
111111100101111
111111101111001
111111110010111
111111110110111
111111111000010
111111111100000
111111111110100
111111111100010
111111111101011
111111111110010
111111111110110
111111111111001
111111111111011
111111111111101
111111111111101
111111111111110
111111111111111
111111111111111
111111111111111
111111111111111
111111111111111
111111111111111
111111111111111
111111111111111
111111111111111
111111111111111
111111111111111
111111111111111
111111111111111
111111111111111
111111111111111
000000101001111
001101101010101
100010110110100
111000100010001
001011010110001
011010001100100
100101010011001
101101010110101
110011000111100
110111000101010
111001111011000
111011110100110
111101001010010
111110000010010
111110101001100
111111000111101
111111011000101
111111100101111
111111101111001
111111110010111
111111110110111
111111111000010
111111111100000
111111111110100
111111111100010
111111111101011
111111111110010
111111111110110
111111111111001
111111111111011
111111111111101
111111111111101
111111111111110
111111111111111
111111111111111
111111111111111
111111111111111
111111111111111
111111111111111
111111111111111
111111111111111
111111111111111
111111111111111
111111111111111
111111111111111
111111111111111
111111111111111
111111111111111
010110001001010
000000110011100
000101011101111
010111110010000
101101111111101
000010011111111
010011010000111
100000001011000
101001101001011
110000011100111
110101010001000
111000101000101
111010111101101
111100100001110
111101101001110
111110011001100
111110111011001
111111010000000
111111011110100
111111101011010
111111110001100
111111110111010
111111111001111
111111111010011
111111111101011
111111111111100
111111111100111
111111111101111
111111111110100
111111111111000
111111111111010
111111111111100
111111111111101
111111111111110
111111111111110
111111111111111
111111111111111
111111111111111
111111111111111
111111111111111
111111111111111
111111111111111
111111111111111
111111111111111
111111111111111
111111111111111
111111111111111
111111111111111
010110001001010
000000110011100
000101011101111
010111110010000
101101111111101
000010011111111
010011010000111
100000001011000
101001101001011
110000011100111
110101010001000
111000101000101
111010111101101
111100100001110
111101101001110
111110011001100
111110111011001
111111010000000
111111011110100
111111101011010
111111110001100
111111110111010
111111111001111
111111111010011
111111111101011
111111111111100
111111111100111
111111111101111
111111111110100
111111111111000
111111111111010
111111111111100
111111111111101
111111111111110
111111111111110
111111111111111
111111111111111
111111111111111
111111111111111
111111111111111
111111111111111
111111111111111
111111111111111
111111111111111
111111111111111
111111111111111
111111111111111
111111111111111
010010001011110
011100100110101
000010001100001
000011011011100
010100011001011
101010011001011
111111010101111
010000110100011
011110010100110
101000010100101
101111100000100
110100100110010
111000001001101
111010101000100
111100010101011
111101011110001
111110010000010
111110110110010
111111001101110
111111011110010
111111101000100
111111101111101
111111110101111
111111111000111
111111111001110
111111111101000
111111111111001
111111111100110
111111111101110
111111111110011
111111111110111
111111111111010
111111111111100
111111111111101
111111111111110
111111111111110
111111111111111
111111111111111
111111111111111
111111111111111
111111111111111
111111111111111
111111111111111
111111111111111
111111111111111
111111111111111
111111111111111
111111111111111
010010001011110
011100100110101
000010001100001
000011011011100
010100011001011
101010011001011
111111010101111
010000110100011
011110010100110
101000010100101
101111100000100
110100100110010
111000001001101
111010101000100
111100010101011
111101011110001
111110010000010
111110110110010
111111001101110
111111011110010
111111101000100
111111101111101
111111110101111
111111111000111
111111111001110
111111111101000
111111111111001
111111111100110
111111111101110
111111111110011
111111111110111
111111111111010
111111111111100
111111111111101
111111111111110
111111111111110
111111111111111
111111111111111
111111111111111
111111111111111
111111111111111
111111111111111
111111111111111
111111111111111
111111111111111
111111111111111
111111111111111
111111111111111
111101011101101
001111001001100
011010100011101
000001101110001
000100000000010
010101011100000
101011011111000
000000010011111
010001100100101
011110111001101
101000110001001
101111110101001
110100110101110
111000010100001
111010101101010
111100011001111
111101100000010
111110010100101
111110110101000
111111001111101
111111011111101
111111101001011
111111110000001
111111110110010
111111111001010
111111111001111
111111111101001
111111111111010
111111111100110
111111111101110
111111111110100
111111111110111
111111111111010
111111111111100
111111111111101
111111111111110
111111111111110
111111111111111
111111111111111
111111111111111
111111111111111
111111111111111
111111111111111
111111111111111
111111111111111
111111111111111
111111111111111
111111111111111
111101011101101
001111001001100
011010100011101
000001101110001
000100000000010
010101011100000
101011011111000
000000010011111
010001100100101
011110111001101
101000110001001
101111110101001
110100110101110
111000010100001
111010101101010
111100011001111
111101100000010
111110010100101
111110110101000
111111001111101
111111011111101
111111101001011
111111110000001
111111110110010
111111111001010
111111111001111
111111111101001
111111111111010
111111111100110
111111111101110
111111111110100
111111111110111
111111111111010
111111111111100
111111111111101
111111111111110
111111111111110
111111111111111
111111111111111
111111111111111
111111111111111
111111111111111
111111111111111
111111111111111
111111111111111
111111111111111
111111111111111
111111111111111
110000001111111
110111111110001
000011100011110
010011001100100
000000010111000
000110101000010
011001101000011
101111110000110
000100000000101
010100011101111
100001000101101
101010010110010
110000111110011
110101100110111
111000110110010
111011000101010
111100101011010
111101101111010
111110011100001
111110111011100
111111010011000
111111100000101
111111101000110
111111110010100
111111110111111
111111111010010
111111111010101
111111111101101
111111111111101
111111111101000
111111111101111
111111111110101
111111111111000
111111111111010
111111111111100
111111111111101
111111111111110
111111111111110
111111111111111
111111111111111
111111111111111
111111111111111
111111111111111
111111111111111
111111111111111
111111111111111
111111111111111
111111111111111
110000001111111
110111111110001
000011100011110
010011001100100
000000010111000
000110101000010
011001101000011
101111110000110
000100000000101
010100011101111
100001000101101
101010010110010
110000111110011
110101100110111
111000110110010
111011000101010
111100101011010
111101101111010
111110011100001
111110111011100
111111010011000
111111100000101
111111101000110
111111110010100
111111110111111
111111111010010
111111111010101
111111111101101
111111111111101
111111111101000
111111111101111
111111111110101
111111111111000
111111111111010
111111111111100
111111111111101
111111111111110
111111111111110
111111111111111
111111111111111
111111111111111
111111111111111
111111111111111
111111111111111
111111111111111
111111111111111
111111111111111
111111111111111
110110101100000
111100110000010
101011000000100
110010100001001
001010001000111
000000001100010
001011101000001
100000010110001
110110010000110
001001011011100
011000101111001
100100001100000
101100100100100
110010100010110
110110101101100
111001101000101
111011101001101
111101000010011
111101111111010
111110100101111
111111000010100
111111010101010
111111100011100
111111101101100
111111110001110
111111110110001
111111111011110
111111111011101
111111111110010
111111111100001
111111111101011
111111111110001
111111111110110
111111111111001
111111111111011
111111111111100
111111111111101
111111111111110
111111111111111
111111111111111
111111111111111
111111111111111
111111111111111
111111111111111
111111111111111
111111111111111
111111111111111
111111111111111
110110101100000
111100110000010
101011000000100
110010100001001
001010001000111
000000001100010
001011101000001
100000010110001
110110010000110
001001011011100
011000101111001
100100001100000
101100100100100
110010100010110
110110101101100
111001101000101
111011101001101
111101000010011
111101111111010
111110100101111
111111000010100
111111010101010
111111100011100
111111101101100
111111110001110
111111110110001
111111111011110
111111111011101
111111111110010
111111111100001
111111111101011
111111111110001
111111111110110
111111111111001
111111111111011
111111111111100
111111111111101
111111111111110
111111111111111
111111111111111
111111111111111
111111111111111
111111111111111
111111111111111
111111111111111
111111111111111
111111111111111
111111111111111
000101101100000
011010100010010
111111010000100
010101111101110
011111010100101
000010111100010
000010110000100
010011000101111
101000111110101
111110000111000
001111110100101
011101100101110
100111110001101
101111001010101
110100010100010
110111111100101
111010011111100
111100001110001
111101011010100
111110001110111
111110110010011
111111001011011
111111011100100
111111100111010
111111101110110
111111110101011
111111111000100
111111111001100
111111111100110
111111111111001
111111111100101
111111111101101
111111111110011
111111111110111
111111111111010
111111111111100
111111111111101
111111111111110
111111111111110
111111111111111
111111111111111
111111111111111
111111111111111
111111111111111
111111111111111
111111111111111
111111111111111
111111111111111
000101101100000
011010100010010
111111010000100
010101111101110
011111010100101
000010111100010
000010110000100
010011000101111
101000111110101
111110000111000
001111110100101
011101100101110
100111110001101
101111001010101
110100010100010
110111111100101
111010011111100
111100001110001
111101011010100
111110001110111
111110110010011
111111001011011
111111011100100
111111100111010
111111101110110
111111110101011
111111111000100
111111111001100
111111111100110
111111111111001
111111111100101
111111111101101
111111111110011
111111111110111
111111111111010
111111111111100
111111111111101
111111111111110
111111111111110
111111111111111
111111111111111
111111111111111
111111111111111
111111111111111
111111111111111
111111111111111
111111111111111
111111111111111
