10000010
00011001
01000101
10101000
00011001
00001010
10010101
00010100
00010101
10010000
00001001
01100010
10001010
10010010
01010001
01101010
10100001
01100110
00101000
01010000
01101000
00100000
10100101
10100100
10010010
00000010
01101000
10010001
00101000
00011010
10000010
01011010
00000010
00001001
00000101
01000101
10001000
01100010
00001001
10010010
00000001
01101001
01101001
00100101
00010100
00001000
00101010
10011010
00010100
01101001
00100110
10010000
10001000
10010000
00000100
00010000
10101000
00011000
00000100
10010000
01100110
00011000
00010000
00010100
