11110101111110101010
11111101011111000111
00000011110011011111
11111100010011000010
00110011110001011010
11101110100010111101
11101110111100000110
00010111100010110000
00001000000001000100
00000011101100111101
00000111010101100101
00000100111101011001
00000001100000111110
11100001110001110100
11111100011000010101
11110111011000101010
11011000011011010001
10110011011011110001
11111011110000001111
11110101110011110011
00010011000101001101
11010000000001000001
11111010010111000001
11011110110011011101
11111111100011101111
00001010110111101011
11111110010101011110
00000000111010101100
11011111111101000101
00010011100111010101
00111111100001111001
11111000000011110000
