0000000000101000010
0000001010001111110
1111101100100110111
0000001000110101000
1111111111101011110
0000001000001100101
1111010101010001101
1111110000100011001
0000010000001111001
0000000010101011100
0000000001111001000
1111101110010101111
1010110101101110011
1111000101010001000
0011111100000101010
0010100100101111011
0000010110011000101
1111111010101000111
0000001001001001001
1111111010011110110
1100000010011111010
0010000100001011101
0010111101010111111
0100000100000111010
0000000001100100111
1111111101111100110
0000000011011101111
1111100111111000010
1110010000011101100
1110011010101110011
0011110000011010100
0001000001000001000
