10010010
00100101
10100110
01100001
10100101
00100000
01100001
00000100
01010001
00010100
10100101
01010101
10001000
10010110
10100000
00011010
01001001
10100010
01011001
10101010
10100010
10100110
00100100
10100100
00100110
10100010
01000000
00010100
00101001
10011001
00000010
01100010
10000110
01011010
10000100
01010000
01101010
01011000
01000000
00100001
01101001
01010110
10100110
01000000
01010001
01101001
01100100
00011001
00000001
10010100
01101000
00001001
00010001
00010000
00100100
10000000
00000000
00011010
01010110
00010101
00001000
00001010
00101000
00101010
