10010110
01101001
10101000
10100101
10000110
10100100
10011001
01100110
10100101
01010010
00000010
01010101
00000010
01010110
01000010
10010110
00010110
01010110
00000101
00011010
01101000
01010100
00011010
01010101
10011010
01100101
00000101
01010010
10010001
00010000
01000101
00010101
00011000
01010110
00001001
01000001
01010110
01001010
01101001
10000110
10101010
10000100
10100110
00011000
01011001
00100001
10000100
10011010
10010110
10101010
01001000
00100001
01010001
00101000
01101000
01001001
10000110
01001001
10010110
10100101
10011000
10000110
10100101
01000100
